0,0
1,31
2,31
3,31
4,31
5,31
6,31
7,31
8,31
9,31
10,31
11,31
12,31
13,31
14,31
15,68
16,68
17,68
18,68
19,107
20,107
21,107
22,107
23,107
24,107
25,107
26,107
27,107
28,107
29,137
30,137
31,137
32,137
33,137
34,137
35,137
36,137
37,137
38,137
39,137
40,137
41,137
42,137
43,137
44,137
45,137
46,137
47,137
48,137
49,137
50,171
51,171
52,171
53,171
54,171
55,171
56,171
57,171
58,171
59,171
60,171
61,171
62,171
63,171
64,171
65,171
66,171
67,171
68,171
69,171
70,171
71,171
72,171
73,167
74,163
75,159
76,155
77,151
78,147
79,143
80,139
81,135
82,131
83,127
84,123
85,119
86,115
87,111
88,107
89,103
90,99
91,95
92,91
93,87
94,83
95,118
96,114
97,110
98,106
99,102
100,98
101,98
102,98
103,98
104,98
105,98
106,98
107,98
108,98
109,98
110,98
111,98
112,98
113,98
114,98
115,98
116,98
117,98
118,98
119,98
120,98
121,98
122,98
123,98
124,98
125,98
126,98
127,98
128,98
129,98
130,98
131,98
132,98
133,98
134,98
135,98
136,98
137,98
138,98
139,98
140,98
141,98
142,98
143,98
144,98
145,98
146,98
147,98
148,98
149,98
150,98
151,98
152,98
153,98
154,98
155,98
156,98
157,98
158,98
159,98
160,98
161,98
162,98
163,98
164,98
165,98
166,98
167,98
168,98
169,98
170,98
171,98
172,98
173,94
174,90
175,86
176,82
177,78
178,74
179,70
180,66
181,62
182,58
183,54
184,50
185,79
186,75
187,71
188,67
189,63
190,59
191,55
192,51
193,48
194,45
195,42
196,40
197,38
198,36
199,34
200,32
201,32
202,32
203,32
204,32
205,32
206,32
207,32
208,32
209,32
210,32
211,32
212,32
213,32
214,32
215,32
216,32
217,32
218,32
219,32
220,71
221,71
222,71
223,71
224,71
225,71
226,71
227,71
228,71
229,71
230,71
231,71
232,71
233,71
234,71
235,71
236,71
237,71
238,71
239,71
240,71
241,71
242,71
243,71
244,71
245,71
246,71
247,71
248,71
249,71
250,71
251,71
252,71
253,71
254,71
255,71
256,71
257,71
258,71
259,71
260,71
261,71
262,71
263,71
264,71
265,71
266,71
267,71
268,71
269,71
270,71
271,71
272,71
273,68
274,65
275,62
276,59
277,56
278,53
279,50
280,47
281,44
282,41
283,38
284,35
285,32
286,30
287,28
288,26
289,24
290,22
291,20
292,19
293,18
294,17
295,16
296,15
297,14
298,13
299,12
300,11
301,11
302,11
303,11
304,11
305,11
306,11
307,11
308,11
309,11
310,11
311,11
312,11
313,11
314,11
315,11
316,11
317,11
318,11
319,11
320,11
321,11
322,11
323,11
324,11
325,11
326,11
327,11
328,11
329,50
330,50
331,50
332,50
333,50
334,50
335,50
336,50
337,50
338,50
339,50
340,50
341,50
342,50
343,50
344,50
345,50
346,50
347,50
348,50
349,50
350,50
351,50
352,50
353,50
354,50
355,50
356,50
357,50
358,50
359,50
360,50
361,50
362,50
363,50
364,50
365,50
366,50
367,50
368,50
369,50
370,50
371,50
372,50
373,48
374,46
375,44
376,42
377,40
378,38
379,36
380,34
381,32
382,30
383,28
384,27
385,26
386,25
387,24
388,23
389,22
390,21
391,59
392,57
393,55
394,53
395,51
396,49
397,47
398,45
399,43
400,41
401,41
402,41
403,78
404,78
405,78
406,78
407,78
408,78
409,78
410,78
411,78
412,78
413,78
414,78
415,78
416,78
417,78
418,115
419,115
420,115
421,115
422,115
423,115
424,115
425,115
426,115
427,115
428,115
429,115
430,115
431,115
432,115
433,115
434,115
435,115
436,115
437,115
438,115
439,115
440,115
441,115
442,115
443,115
444,115
445,115
446,115
447,115
448,115
449,115
450,115
451,115
452,115
453,115
454,115
455,115
456,115
457,115
458,115
459,115
460,115
461,115
462,115
463,115
464,115
465,115
466,115
467,115
468,115
469,115
470,115
471,115
472,115
473,111
474,107
475,103
476,99
477,95
478,91
479,87
480,83
481,79
482,75
483,71
484,68
485,65
486,62
487,59
488,56
489,53
490,50
491,47
492,44
493,41
494,38
495,35
496,32
497,29
498,60
499,56
500,52
501,52
502,52
503,52
504,52
505,52
506,52
507,52
508,52
509,52
510,52
511,52
512,52
513,52
514,52
515,52
516,52
517,52
518,52
519,52
520,52
521,88
522,88
523,88
524,88
525,88
526,88
527,88
528,88
529,88
530,88
531,88
532,88
533,88
534,88
535,88
536,122
537,122
538,122
539,122
540,122
541,122
542,122
543,122
544,122
545,122
546,122
547,122
548,122
549,122
550,122
551,122
552,122
553,122
554,122
555,122
556,122
557,122
558,122
559,122
560,122
561,122
562,122
563,122
564,122
565,122
566,122
567,122
568,122
569,122
570,122
571,122
572,122
573,118
574,114
575,110
576,106
577,142
578,138
579,134
580,130
581,126
582,122
583,118
584,114
585,110
586,106
587,102
588,98
589,94
590,90
591,86
592,82
593,78
594,74
595,106
596,102
597,98
598,94
599,90
600,86
601,86
602,86
603,86
604,86
605,121
606,121
607,121
608,121
609,121
610,121
611,121
612,121
613,121
614,121
615,121
616,121
617,121
618,121
619,121
620,121
621,121
622,121
623,121
624,121
625,121
626,121
627,121
628,121
629,121
630,121
631,121
632,121
633,121
634,121
635,121
636,121
637,121
638,121
639,121
640,121
641,121
642,121
643,121
644,121
645,121
646,121
647,121
648,121
649,121
650,121
651,121
652,121
653,121
654,121
655,121
656,121
657,121
658,121
659,121
660,121
661,121
662,121
663,121
664,121
665,121
666,121
667,121
668,121
669,121
670,121
671,121
672,121
673,117
674,113
675,109
676,105
677,101
678,97
679,93
680,89
681,85
682,81
683,77
684,73
685,69
686,97
687,93
688,89
689,85
690,81
691,77
692,73
693,69
694,65
695,61
696,57
697,53
698,49
699,46
700,80
701,80
702,80
703,80
704,80
705,80
706,80
707,80
708,80
709,80
710,80
711,80
712,80
713,80
714,80
715,80
716,80
717,80
718,80
719,80
720,80
721,80
722,80
723,80
724,80
725,80
726,80
727,80
728,80
729,80
730,80
731,80
732,80
733,80
734,80
735,110
736,110
737,110
738,110
739,110
740,110
741,110
742,110
743,110
744,110
745,110
746,110
747,110
748,110
749,110
750,110
751,110
752,110
753,110
754,110
755,110
756,110
757,110
758,110
759,110
760,110
761,110
762,110
763,110
764,110
765,110
766,110
767,110
768,110
769,110
770,110
771,110
772,110
773,106
774,102
775,98
776,94
777,90
778,86
779,82
780,78
781,74
782,70
783,66
784,62
785,58
786,54
787,50
788,47
789,44
790,41
791,38
792,35
793,32
794,29
795,27
796,25
797,23
798,21
799,19
800,17
801,17
802,17
803,17
804,17
805,17
806,17
807,17
808,17
809,17
810,17
811,17
812,17
813,17
814,17
815,17
816,17
817,17
818,17
819,17
820,17
821,17
822,17
823,17
824,17
825,17
826,17
827,17
828,48
829,48
830,48
831,48
832,48
833,48
834,48
835,48
836,48
837,48
838,48
839,48
840,48
841,48
842,48
843,48
844,48
845,48
846,48
847,48
848,48
849,48
850,48
851,48
852,48
853,48
854,48
855,88
856,88
857,88
858,88
859,88
860,88
861,88
862,88
863,88
864,88
865,88
866,88
867,88
868,119
869,119
870,119
871,119
872,153
873,149
874,145
875,141
876,137
877,133
878,129
879,125
880,121
881,117
882,113
883,109
884,105
885,101
886,97
887,93
888,89
889,85
890,81
891,77
892,106
893,102
894,98
895,94
896,90
897,86
898,82
899,78
900,74
901,74
902,74
903,74
904,74
905,74
906,74
907,74
908,74
909,74
910,74
911,74
912,74
913,74
914,74
915,74
916,74
917,74
918,74
919,74
920,74
921,74
922,74
923,74
924,74
925,74
926,74
927,74
928,74
929,74
930,74
931,74
932,74
933,109
934,109
935,109
936,109
937,109
938,109
939,109
940,109
941,109
942,109
943,109
944,109
945,109
946,109
947,109
948,109
949,109
950,109
951,109
952,109
953,109
954,109
955,109
956,109
957,109
958,109
959,109
960,109
961,109
962,109
963,109
964,109
965,109
966,109
967,109
968,109
969,109
970,109
971,109
972,109
973,105
974,101
975,97
976,93
977,89
978,85
979,81
980,77
981,73
982,69
983,65
984,61
985,57
986,53
987,49
988,45
989,42
990,39
991,36
992,33
993,30
994,27
995,25
996,23
997,21
998,19
999,17
1000,15
1001,15
1002,15
1003,15
1004,15
1005,15
1006,15
1007,15
1008,15
1009,15
1010,15
1011,15
1012,15
1013,15
1014,15
1015,15
1016,15
1017,15
1018,15
1019,52
1020,52
1021,52
1022,52
1023,52
1024,52
1025,52
1026,52
1027,52
1028,52
1029,52
1030,52
1031,52
1032,52
1033,52
1034,52
1035,52
1036,52
1037,52
1038,52
1039,52
1040,52
1041,52
1042,52
1043,52
1044,52
1045,52
1046,52
1047,52
1048,52
1049,52
1050,52
1051,52
1052,52
1053,52
1054,52
1055,52
1056,52
1057,52
1058,52
1059,52
1060,52
1061,52
1062,52
1063,52
1064,52
1065,52
1066,52
1067,52
1068,52
1069,52
1070,52
1071,52
1072,52
1073,49
1074,46
1075,43
1076,41
1077,39
1078,37
1079,35
1080,33
1081,31
1082,29
1083,27
1084,25
1085,24
1086,23
1087,22
1088,21
1089,55
1090,53
1091,51
1092,49
1093,47
1094,45
1095,43
1096,41
1097,39
1098,37
1099,67
1100,64
1101,64
1102,64
1103,64
1104,64
1105,64
1106,64
1107,64
1108,64
1109,64
1110,64
1111,64
1112,64
1113,64
1114,64
1115,64
1116,64
1117,64
1118,64
1119,64
1120,64
1121,64
1122,64
1123,64
1124,64
1125,64
1126,64
1127,64
1128,64
1129,64
1130,64
1131,64
1132,64
1133,64
1134,64
1135,64
1136,64
1137,64
1138,64
1139,64
1140,64
1141,64
1142,64
1143,64
1144,64
1145,64
1146,64
1147,64
1148,64
1149,64
1150,64
1151,64
1152,64
1153,64
1154,64
1155,64
1156,64
1157,64
1158,64
1159,64
1160,64
1161,64
1162,64
1163,64
1164,64
1165,64
1166,64
1167,64
1168,64
1169,64
1170,64
1171,64
1172,64
1173,61
1174,58
1175,55
1176,52
1177,49
1178,46
1179,43
1180,76
1181,72
1182,69
1183,66
1184,63
1185,60
1186,57
1187,54
1188,51
1189,48
1190,45
1191,42
1192,39
1193,36
1194,33
1195,30
1196,27
1197,25
1198,23
1199,21
1200,19
1201,19
1202,19
1203,19
1204,19
1205,19
1206,19
1207,19
1208,19
1209,19
1210,19
1211,19
1212,19
1213,51
1214,51
1215,51
1216,51
1217,51
1218,51
1219,51
1220,51
1221,51
1222,51
1223,51
1224,51
1225,51
1226,51
1227,51
1228,51
1229,51
1230,51
1231,51
1232,51
1233,51
1234,51
1235,51
1236,81
1237,81
1238,81
1239,81
1240,81
1241,81
1242,81
1243,81
1244,81
1245,81
1246,81
1247,81
1248,81
1249,81
1250,81
1251,81
1252,81
1253,81
1254,81
1255,81
1256,81
1257,81
1258,81
1259,81
1260,81
1261,81
1262,81
1263,81
1264,81
1265,81
1266,81
1267,81
1268,81
1269,81
1270,81
1271,81
1272,81
1273,77
1274,73
1275,69
1276,66
1277,63
1278,60
1279,57
1280,54
1281,51
1282,48
1283,45
1284,42
1285,39
1286,36
1287,33
1288,30
1289,28
1290,26
1291,24
1292,22
1293,56
1294,53
1295,50
1296,47
1297,44
1298,41
1299,38
1300,35
1301,35
1302,35
1303,35
1304,35
1305,35
1306,35
1307,35
1308,35
1309,35
1310,35
1311,35
1312,35
1313,35
1314,35
1315,35
1316,35
1317,35
1318,35
1319,35
1320,35
1321,35
1322,35
1323,35
1324,35
1325,35
1326,35
1327,65
1328,65
1329,65
1330,65
1331,103
1332,103
1333,103
1334,103
1335,103
1336,103
1337,103
1338,103
1339,103
1340,103
1341,103
1342,103
1343,103
1344,103
1345,103
1346,103
1347,103
1348,103
1349,103
1350,103
1351,103
1352,103
1353,135
1354,135
1355,135
1356,135
1357,135
1358,135
1359,135
1360,135
1361,135
1362,135
1363,135
1364,135
1365,135
1366,135
1367,135
1368,135
1369,135
1370,135
1371,135
1372,135
1373,131
1374,127
1375,123
1376,119
1377,115
1378,111
1379,107
1380,103
1381,99
1382,95
1383,91
1384,87
1385,83
1386,79
1387,75
1388,71
1389,67
1390,63
1391,59
1392,55
1393,51
1394,47
1395,43
1396,39
1397,35
1398,31
1399,27
1400,62
1401,62
1402,62
1403,62
1404,62
1405,62
1406,62
1407,62
1408,62
1409,62
1410,62
1411,62
1412,62
1413,62
1414,62
1415,62
1416,62
1417,62
1418,62
1419,62
1420,62
1421,62
1422,62
1423,62
1424,62
1425,62
1426,62
1427,62
1428,62
1429,62
1430,62
1431,62
1432,62
1433,62
1434,62
1435,62
1436,62
1437,62
1438,62
1439,62
1440,62
1441,62
1442,62
1443,62
1444,62
1445,62
1446,62
1447,62
1448,62
1449,62
1450,62
1451,62
1452,62
1453,62
1454,62
1455,62
1456,62
1457,62
1458,62
1459,62
1460,62
1461,62
1462,62
1463,62
1464,62
1465,62
1466,62
1467,62
1468,62
1469,62
1470,62
1471,62
1472,62
1473,58
1474,54
1475,50
1476,46
1477,43
1478,40
1479,38
1480,36
1481,34
1482,32
1483,30
1484,28
1485,27
1486,26
1487,25
1488,24
1489,23
1490,22
1491,21
1492,20
1493,19
1494,18
1495,17
1496,16
1497,15
1498,14
1499,13
1500,12
1501,12
1502,12
1503,12
1504,12
1505,12
1506,12
1507,12
1508,12
1509,12
1510,12
1511,12
1512,12
1513,12
1514,12
1515,12
1516,12
1517,12
1518,12
1519,12
1520,12
1521,12
1522,12
1523,12
1524,12
1525,12
1526,12
1527,12
1528,12
1529,12
1530,12
1531,44
1532,44
1533,44
1534,44
1535,44
1536,44
1537,44
1538,44
1539,44
1540,44
1541,44
1542,44
1543,44
1544,44
1545,44
1546,44
1547,44
1548,44
1549,44
1550,44
1551,44
1552,82
1553,82
1554,82
1555,82
1556,82
1557,82
1558,82
1559,82
1560,82
1561,82
1562,82
1563,82
1564,82
1565,82
1566,82
1567,82
1568,82
1569,82
1570,82
1571,82
1572,82
1573,79
1574,76
1575,73
1576,70
1577,67
1578,64
1579,61
1580,58
1581,55
1582,52
1583,49
1584,46
1585,44
1586,42
1587,40
1588,38
1589,36
1590,34
1591,32
1592,30
1593,28
1594,26
1595,24
1596,22
1597,20
1598,18
1599,16
1600,14
1601,14
1602,14
1603,14
1604,14
1605,14
1606,14
1607,14
1608,14
1609,14
1610,14
1611,14
1612,14
1613,14
1614,14
1615,14
1616,14
1617,14
1618,14
1619,14
1620,14
1621,14
1622,14
1623,44
1624,44
1625,44
1626,44
1627,44
1628,44
1629,44
1630,44
1631,44
1632,44
1633,44
1634,44
1635,44
1636,44
1637,44
1638,44
1639,44
1640,44
1641,44
1642,44
1643,44
1644,44
1645,44
1646,44
1647,44
1648,44
1649,44
1650,44
1651,44
1652,44
1653,44
1654,44
1655,44
1656,44
1657,44
1658,44
1659,44
1660,44
1661,44
1662,44
1663,44
1664,44
1665,44
1666,44
1667,44
1668,44
1669,44
1670,44
1671,44
1672,44
1673,41
1674,38
1675,35
1676,32
1677,30
1678,28
1679,26
1680,24
1681,22
1682,20
1683,19
1684,18
1685,17
1686,16
1687,15
1688,14
1689,13
1690,12
1691,11
1692,10
1693,9
1694,8
1695,7
1696,6
1697,5
1698,4
1699,3
1700,2
1701,41
1702,41
1703,41
1704,78
1705,78
1706,78
1707,108
1708,108
1709,108
1710,108
1711,108
1712,108
1713,108
1714,108
1715,138
1716,138
1717,138
1718,138
1719,138
1720,138
1721,138
1722,178
1723,178
1724,178
1725,178
1726,178
1727,178
1728,178
1729,178
1730,178
1731,178
1732,178
1733,178
1734,212
1735,212
1736,212
1737,212
1738,212
1739,212
1740,212
1741,212
1742,212
1743,212
1744,212
1745,212
1746,212
1747,212
1748,212
1749,212
1750,212
1751,212
1752,212
1753,212
1754,212
1755,212
1756,212
1757,212
1758,212
1759,212
1760,212
1761,212
1762,212
1763,212
1764,212
1765,212
1766,212
1767,212
1768,212
1769,212
1770,212
1771,212
1772,212
1773,208
1774,204
1775,200
1776,196
1777,192
1778,188
1779,184
1780,180
1781,176
1782,172
1783,168
1784,164
1785,160
1786,156
1787,152
1788,148
1789,144
1790,140
1791,136
1792,132
1793,128
1794,124
1795,120
1796,116
1797,112
1798,108
1799,104
1800,100
1801,100
1802,100
1803,100
1804,100
1805,100
1806,100
1807,100
1808,100
1809,100
1810,100
1811,100
1812,100
1813,100
1814,100
1815,100
1816,100
1817,100
1818,100
1819,100
1820,100
1821,100
1822,100
1823,100
1824,100
1825,100
1826,100
1827,100
1828,100
1829,100
1830,100
1831,100
1832,100
1833,100
1834,100
1835,100
1836,100
1837,100
1838,100
1839,100
1840,100
1841,100
1842,100
1843,100
1844,100
1845,100
1846,100
1847,100
1848,100
1849,100
1850,100
1851,100
1852,100
1853,100
1854,100
1855,100
1856,100
1857,100
1858,100
1859,100
1860,100
1861,100
1862,100
1863,100
1864,100
1865,100
1866,100
1867,100
1868,100
1869,100
1870,100
1871,100
1872,100
1873,96
1874,92
1875,88
1876,84
1877,80
1878,76
1879,72
1880,68
1881,64
1882,60
1883,56
1884,52
1885,48
1886,44
1887,40
1888,36
1889,32
1890,28
1891,24
1892,20
1893,16
1894,12
1895,9
1896,6
1897,4
1898,2
1899,1
1900,0
1901,0
1902,0
1903,0
1904,0
1905,0
1906,0
1907,0
1908,0
1909,0
1910,0
1911,0
1912,0
1913,0
1914,0
1915,0
1916,0
1917,0
1918,39
1919,39
1920,39
1921,39
1922,39
1923,39
1924,39
1925,39
1926,39
1927,39
1928,39
1929,39
1930,39
1931,39
1932,39
1933,39
1934,39
1935,39
1936,39
1937,39
1938,39
1939,39
1940,39
1941,39
1942,39
1943,39
1944,39
1945,39
1946,39
1947,39
1948,39
1949,39
1950,39
1951,39
1952,39
1953,39
1954,39
1955,39
1956,39
1957,39
1958,39
1959,39
1960,39
1961,39
1962,78
1963,78
1964,78
1965,78
1966,78
1967,78
1968,78
1969,78
1970,78
1971,78
1972,78
1973,76
1974,74
1975,72
1976,110
1977,107
1978,104
1979,101
1980,98
1981,95
1982,92
1983,89
1984,86
1985,83
1986,80
1987,77
1988,74
1989,71
1990,68
1991,65
1992,62
1993,59
1994,56
1995,53
1996,50
1997,47
1998,44
1999,41
2000,38
2001,38
2002,68
2003,68
2004,68
2005,68
2006,68
2007,68
2008,68
2009,68
2010,68
2011,68
2012,68
2013,68
2014,68
2015,68
2016,68
2017,68
2018,68
2019,68
2020,68
2021,68
2022,68
2023,68
2024,68
2025,68
2026,68
2027,68
2028,68
2029,68
2030,68
2031,68
2032,68
2033,68
2034,68
2035,68
2036,68
2037,68
2038,68
2039,68
2040,68
2041,68
2042,68
2043,68
2044,68
2045,68
2046,68
2047,68
2048,68
2049,68
2050,68
2051,68
2052,68
2053,68
2054,68
2055,68
2056,68
2057,68
2058,68
2059,68
2060,68
2061,68
2062,68
2063,68
2064,68
2065,68
2066,68
2067,68
2068,68
2069,68
2070,68
2071,68
2072,68
2073,64
2074,60
2075,56
2076,85
2077,81
2078,77
2079,73
2080,69
2081,65
2082,61
2083,57
2084,53
2085,50
2086,47
2087,44
2088,41
2089,38
2090,35
2091,33
2092,31
2093,29
2094,65
2095,62
2096,59
2097,56
2098,53
2099,50
2100,47
2101,47
2102,47
2103,47
2104,47
2105,47
2106,47
2107,47
2108,78
2109,78
2110,78
2111,78
2112,78
2113,78
2114,78
2115,78
2116,78
2117,78
2118,78
2119,78
2120,78
2121,78
2122,78
2123,78
2124,78
2125,78
2126,78
2127,78
2128,78
2129,78
2130,115
2131,115
2132,115
2133,115
2134,115
2135,115
2136,115
2137,115
2138,115
2139,115
2140,115
2141,115
2142,115
2143,115
2144,115
2145,115
2146,115
2147,115
2148,115
2149,115
2150,115
2151,115
2152,115
2153,115
2154,115
2155,115
2156,115
2157,115
2158,115
2159,115
2160,115
2161,115
2162,115
2163,115
2164,115
2165,115
2166,115
2167,115
2168,115
2169,115
2170,115
2171,115
2172,115
2173,111
2174,107
2175,103
2176,99
2177,95
2178,91
2179,87
2180,83
2181,79
2182,75
2183,71
2184,67
2185,64
2186,61
2187,58
2188,55
2189,52
2190,49
2191,46
2192,43
2193,40
2194,37
2195,70
2196,66
2197,62
2198,58
2199,54
2200,50
2201,50
2202,50
2203,50
2204,50
2205,50
2206,50
2207,50
2208,50
2209,50
2210,50
2211,50
2212,50
2213,50
2214,50
2215,50
2216,50
2217,50
2218,50
2219,50
2220,50
2221,50
2222,50
2223,50
2224,50
2225,50
2226,50
2227,50
2228,50
2229,50
2230,50
2231,50
2232,50
2233,50
2234,50
2235,50
2236,50
2237,50
2238,50
2239,50
2240,50
2241,50
2242,50
2243,50
2244,50
2245,50
2246,50
2247,50
2248,50
2249,50
2250,50
2251,50
2252,50
2253,50
2254,50
2255,50
2256,50
2257,50
2258,50
2259,50
2260,50
2261,50
2262,50
2263,50
2264,50
2265,50
2266,50
2267,50
2268,50
2269,50
2270,50
2271,50
2272,50
2273,46
2274,42
2275,38
2276,34
2277,31
2278,29
2279,27
2280,25
2281,23
2282,21
2283,20
2284,19
2285,18
2286,17
2287,16
2288,15
2289,14
2290,13
2291,12
2292,11
2293,10
2294,9
2295,41
2296,39
2297,37
2298,35
2299,33
2300,31
2301,31
2302,31
2303,31
2304,31
2305,31
2306,31
2307,61
2308,61
2309,61
2310,61
2311,61
2312,61
2313,61
2314,61
2315,61
2316,61
2317,61
2318,61
2319,61
2320,61
2321,61
2322,61
2323,61
2324,61
2325,61
2326,61
2327,61
2328,61
2329,61
2330,61
2331,61
2332,61
2333,61
2334,61
2335,61
2336,61
2337,61
2338,93
2339,93
2340,93
2341,93
2342,93
2343,93
2344,93
2345,93
2346,93
2347,93
2348,93
2349,93
2350,93
2351,93
2352,93
2353,93
2354,93
2355,93
2356,93
2357,93
2358,93
2359,93
2360,93
2361,93
2362,93
2363,93
2364,93
2365,93
2366,93
2367,93
2368,93
2369,93
2370,93
2371,93
2372,93
2373,89
2374,85
2375,81
2376,78
2377,75
2378,72
2379,69
2380,66
2381,63
2382,99
2383,95
2384,91
2385,87
2386,83
2387,79
2388,75
2389,71
2390,67
2391,63
2392,59
2393,55
2394,51
2395,47
2396,43
2397,39
2398,35
2399,31
2400,27
2401,27
2402,27
2403,27
2404,27
2405,27
2406,27
2407,27
2408,27
2409,27
2410,27
2411,27
2412,27
2413,27
2414,27
2415,27
2416,27
2417,27
2418,27
2419,27
2420,27
2421,27
2422,27
2423,27
2424,27
2425,27
2426,27
2427,27
2428,27
2429,27
2430,27
2431,27
2432,27
2433,27
2434,27
2435,27
2436,27
2437,27
2438,27
2439,27
2440,27
2441,58
2442,97
2443,97
2444,97
2445,97
2446,97
2447,97
2448,97
2449,97
2450,97
2451,97
2452,97
2453,97
2454,97
2455,97
2456,97
2457,97
2458,97
2459,97
2460,97
2461,97
2462,97
2463,97
2464,97
2465,97
2466,97
2467,97
2468,97
2469,97
2470,97
2471,97
2472,97
2473,93
2474,89
2475,85
2476,81
2477,78
2478,75
2479,72
2480,69
2481,66
2482,63
2483,60
2484,57
2485,54
2486,51
2487,48
2488,45
2489,42
2490,39
2491,36
2492,33
2493,30
2494,28
2495,26
2496,24
2497,22
2498,20
2499,18
2500,16
2501,16
2502,16
2503,16
2504,16
2505,16
2506,16
2507,16
2508,16
2509,16
2510,16
2511,16
2512,16
2513,16
2514,16
2515,16
2516,16
2517,16
2518,16
2519,16
2520,16
2521,16
2522,16
2523,16
2524,16
2525,16
2526,16
2527,16
2528,16
2529,16
2530,16
2531,16
2532,16
2533,16
2534,16
2535,16
2536,16
2537,16
2538,16
2539,16
2540,16
2541,16
2542,16
2543,16
2544,16
2545,16
2546,16
2547,16
2548,16
2549,16
2550,16
2551,16
2552,16
2553,16
2554,16
2555,16
2556,16
2557,16
2558,16
2559,16
2560,16
2561,16
2562,16
2563,47
2564,47
2565,47
2566,47
2567,47
2568,47
2569,47
2570,47
2571,47
2572,47
2573,44
2574,41
2575,38
2576,35
2577,33
2578,31
2579,29
2580,27
2581,25
2582,23
2583,21
2584,19
2585,18
2586,17
2587,16
2588,15
2589,14
2590,13
2591,12
2592,11
2593,10
2594,9
2595,8
2596,7
2597,6
2598,5
2599,4
2600,3
2601,3
2602,3
2603,3
2604,3
2605,3
2606,3
2607,3
2608,3
2609,3
2610,3
2611,3
2612,3
2613,3
2614,3
2615,3
2616,3
2617,3
2618,3
2619,3
2620,3
2621,3
2622,3
2623,3
2624,3
2625,3
2626,3
2627,3
2628,3
2629,3
2630,3
2631,3
2632,3
2633,3
2634,3
2635,3
2636,3
2637,3
2638,3
2639,3
2640,3
2641,3
2642,3
2643,3
2644,3
2645,3
2646,3
2647,3
2648,3
2649,3
2650,3
2651,3
2652,3
2653,3
2654,3
2655,3
2656,3
2657,3
2658,3
2659,3
2660,3
2661,3
2662,3
2663,3
2664,3
2665,3
2666,3
2667,3
2668,43
2669,43
2670,43
2671,43
2672,43
2673,41
2674,39
2675,37
2676,36
2677,35
2678,34
2679,33
2680,32
2681,31
2682,30
2683,29
2684,28
2685,27
2686,26
2687,25
2688,24
2689,23
2690,22
2691,21
2692,20
2693,19
2694,18
2695,17
2696,16
2697,15
2698,14
2699,13
2700,12
2701,12
2702,12
2703,12
2704,12
2705,12
2706,12
2707,12
2708,12
2709,12
2710,12
2711,12
2712,12
2713,12
2714,12
2715,12
2716,12
2717,12
2718,12
2719,12
2720,12
2721,12
2722,12
2723,12
2724,12
2725,12
2726,12
2727,12
2728,12
2729,12
2730,12
2731,12
2732,12
2733,12
2734,12
2735,12
2736,12
2737,12
2738,12
2739,12
2740,12
2741,12
2742,12
2743,12
2744,12
2745,12
2746,12
2747,12
2748,48
2749,48
2750,48
2751,48
2752,48
2753,48
2754,48
2755,48
2756,48
2757,48
2758,48
2759,48
2760,48
2761,48
2762,48
2763,48
2764,88
2765,88
2766,88
2767,88
2768,88
2769,88
2770,88
2771,88
2772,88
2773,85
2774,82
2775,79
2776,76
2777,73
2778,70
2779,67
2780,64
2781,61
2782,58
2783,55
2784,52
2785,50
2786,48
2787,46
2788,44
2789,42
2790,40
2791,38
2792,36
2793,34
2794,32
2795,30
2796,28
2797,26
2798,24
2799,22
2800,20
2801,20
2802,20
2803,20
2804,20
2805,20
2806,20
2807,20
2808,20
2809,20
2810,20
2811,20
2812,20
2813,20
2814,20
2815,20
2816,20
2817,20
2818,20
2819,20
2820,20
2821,20
2822,20
2823,20
2824,20
2825,20
2826,20
2827,20
2828,20
2829,20
2830,20
2831,20
2832,20
2833,20
2834,20
2835,20
2836,20
2837,20
2838,20
2839,20
2840,20
2841,20
2842,20
2843,20
2844,20
2845,20
2846,20
2847,20
2848,20
2849,20
2850,20
2851,54
2852,54
2853,54
2854,54
2855,54
2856,90
2857,90
2858,90
2859,90
2860,90
2861,90
2862,90
2863,90
2864,90
2865,120
2866,120
2867,120
2868,120
2869,120
2870,120
2871,120
2872,120
2873,116
2874,112
2875,108
2876,104
2877,100
2878,96
2879,92
2880,88
2881,84
2882,80
2883,76
2884,72
2885,68
2886,95
2887,91
2888,87
2889,83
2890,79
2891,75
2892,71
2893,102
2894,98
2895,94
2896,90
2897,86
2898,82
2899,78
2900,74
2901,74
2902,74
2903,74
2904,74
2905,74
2906,74
2907,74
2908,74
2909,74
2910,74
2911,74
2912,74
2913,74
2914,74
2915,74
2916,74
2917,74
2918,74
2919,74
2920,74
2921,74
2922,74
2923,74
2924,74
2925,74
2926,109
2927,109
2928,109
2929,109
2930,109
2931,109
2932,109
2933,109
2934,109
2935,109
2936,109
2937,109
2938,109
2939,109
2940,109
2941,109
2942,109
2943,109
2944,109
2945,109
2946,109
2947,109
2948,109
2949,109
2950,109
2951,109
2952,109
2953,109
2954,109
2955,109
2956,109
2957,109
2958,109
2959,109
2960,109
2961,109
2962,109
2963,149
2964,149
2965,149
2966,184
2967,184
2968,184
2969,184
2970,184
2971,184
2972,184
2973,180
2974,176
2975,172
2976,168
2977,164
2978,160
2979,156
2980,152
2981,148
2982,144
2983,140
2984,136
2985,132
2986,128
2987,124
2988,120
2989,116
2990,112
2991,108
2992,104
2993,100
2994,96
2995,92
2996,88
2997,84
2998,80
2999,109
3000,105
3001,105
3002,105
3003,105
3004,105
3005,105
3006,105
3007,105
3008,105
3009,105
3010,105
3011,105
3012,105
3013,105
3014,105
3015,105
3016,105
3017,105
3018,105
3019,105
3020,105
3021,105
3022,105
3023,105
3024,105
3025,105
3026,105
3027,105
3028,105
3029,105
3030,105
3031,105
3032,105
3033,105
3034,105
3035,105
3036,105
3037,105
3038,105
3039,105
3040,144
3041,144
3042,144
3043,144
3044,144
3045,144
3046,144
3047,144
3048,144
3049,144
3050,144
3051,144
3052,144
3053,144
3054,144
3055,144
3056,144
3057,144
3058,144
3059,144
3060,144
3061,144
3062,144
3063,144
3064,144
3065,144
3066,144
3067,144
3068,144
3069,144
3070,144
3071,144
3072,144
3073,140
3074,136
3075,132
3076,128
3077,124
3078,120
3079,116
3080,112
3081,108
3082,104
3083,100
3084,135
3085,131
3086,127
3087,123
3088,119
3089,115
3090,111
3091,107
3092,103
3093,99
3094,95
3095,91
3096,87
3097,83
3098,79
3099,75
3100,71
3101,71
3102,71
3103,71
3104,71
3105,71
3106,71
3107,71
3108,71
3109,71
3110,71
3111,71
3112,71
3113,71
3114,71
3115,71
3116,71
3117,71
3118,71
3119,71
3120,71
3121,71
3122,71
3123,71
3124,71
3125,71
3126,71
3127,71
3128,71
3129,71
3130,71
3131,71
3132,71
3133,71
3134,71
3135,71
3136,71
3137,71
3138,71
3139,71
3140,71
3141,71
3142,71
3143,71
3144,71
3145,71
3146,71
3147,71
3148,71
3149,71
3150,71
3151,71
3152,71
3153,71
3154,111
3155,111
3156,111
3157,111
3158,111
3159,111
3160,111
3161,111
3162,111
3163,111
3164,111
3165,111
3166,111
3167,111
3168,111
3169,111
3170,111
3171,111
3172,111
3173,107
3174,103
3175,99
3176,95
3177,91
3178,87
3179,83
3180,79
3181,75
3182,71
3183,67
3184,63
3185,59
3186,55
3187,51
3188,47
3189,44
3190,41
3191,38
3192,35
3193,32
3194,29
3195,26
3196,24
3197,22
3198,20
3199,18
3200,16
3201,16
3202,16
3203,16
3204,16
3205,16
3206,16
3207,16
3208,16
3209,16
3210,16
3211,16
3212,16
3213,16
3214,16
3215,16
3216,16
3217,16
3218,16
3219,16
3220,16
3221,16
3222,16
3223,16
3224,16
3225,48
3226,48
3227,48
3228,79
3229,79
3230,79
3231,79
3232,79
3233,79
3234,79
3235,79
3236,79
3237,79
3238,79
3239,79
3240,79
3241,79
3242,79
3243,79
3244,79
3245,79
3246,79
3247,79
3248,79
3249,79
3250,79
3251,79
3252,79
3253,79
3254,79
3255,79
3256,79
3257,79
3258,79
3259,79
3260,79
3261,79
3262,79
3263,79
3264,79
3265,79
3266,79
3267,79
3268,79
3269,79
3270,79
3271,79
3272,79
3273,75
3274,71
3275,68
3276,65
3277,62
3278,59
3279,56
3280,53
3281,50
3282,47
3283,44
3284,41
3285,38
3286,35
3287,33
3288,31
3289,29
3290,27
3291,25
3292,23
3293,21
3294,19
3295,17
3296,15
3297,13
3298,11
3299,9
3300,7
3301,7
3302,7
3303,7
3304,7
3305,7
3306,37
3307,37
3308,37
3309,37
3310,37
3311,37
3312,37
3313,37
3314,37
3315,37
3316,37
3317,37
3318,37
3319,37
3320,37
3321,37
3322,37
3323,37
3324,37
3325,37
3326,37
3327,37
3328,37
3329,37
3330,71
3331,71
3332,71
3333,71
3334,71
3335,71
3336,71
3337,71
3338,71
3339,71
3340,71
3341,71
3342,71
3343,71
3344,71
3345,71
3346,71
3347,71
3348,71
3349,71
3350,71
3351,71
3352,71
3353,71
3354,71
3355,71
3356,71
3357,71
3358,71
3359,71
3360,71
3361,71
3362,71
3363,71
3364,71
3365,71
3366,71
3367,71
3368,71
3369,71
3370,71
3371,71
3372,71
3373,67
3374,63
3375,59
3376,56
3377,54
3378,52
3379,50
3380,48
3381,46
3382,44
3383,42
3384,40
3385,38
3386,36
3387,34
3388,32
3389,30
3390,28
3391,26
3392,24
3393,22
3394,20
3395,18
3396,16
3397,14
3398,12
3399,10
3400,8
3401,8
3402,8
3403,8
3404,8
3405,8
3406,8
3407,8
3408,8
3409,8
3410,8
3411,8
3412,8
3413,8
3414,8
3415,8
3416,8
3417,8
3418,44
3419,44
3420,44
3421,44
3422,44
3423,44
3424,44
3425,44
3426,44
3427,44
3428,44
3429,44
3430,44
3431,44
3432,44
3433,44
3434,44
3435,44
3436,44
3437,44
3438,44
3439,44
3440,44
3441,44
3442,44
3443,44
3444,44
3445,44
3446,44
3447,44
3448,44
3449,44
3450,44
3451,44
3452,44
3453,44
3454,44
3455,44
3456,44
3457,44
3458,44
3459,44
3460,44
3461,44
3462,44
3463,44
3464,44
3465,44
3466,44
3467,44
3468,44
3469,44
3470,44
3471,44
3472,44
3473,41
3474,38
3475,36
3476,34
3477,32
3478,30
3479,29
3480,28
3481,27
3482,26
3483,25
3484,24
3485,23
3486,22
3487,54
3488,52
3489,50
3490,48
3491,46
3492,44
3493,42
3494,40
3495,38
3496,36
3497,34
3498,32
3499,30
3500,28
3501,28
3502,28
3503,28
3504,28
3505,28
3506,28
3507,28
3508,63
3509,63
3510,63
3511,63
3512,63
3513,63
3514,63
3515,63
3516,63
3517,63
3518,63
3519,63
3520,63
3521,63
3522,63
3523,63
3524,63
3525,63
3526,63
3527,63
3528,63
3529,63
3530,63
3531,63
3532,63
3533,63
3534,102
3535,102
3536,102
3537,102
3538,102
3539,102
3540,102
3541,102
3542,102
3543,102
3544,102
3545,102
3546,102
3547,133
3548,133
3549,133
3550,133
3551,133
3552,133
3553,133
3554,133
3555,133
3556,133
3557,133
3558,133
3559,133
3560,133
3561,133
3562,133
3563,133
3564,133
3565,133
3566,133
3567,133
3568,133
3569,133
3570,133
3571,133
3572,133
3573,129
3574,125
3575,121
3576,117
3577,113
3578,109
3579,105
3580,101
3581,97
3582,93
3583,89
3584,85
3585,81
3586,77
3587,73
3588,69
3589,102
3590,98
3591,94
3592,90
3593,86
3594,82
3595,78
3596,74
3597,70
3598,66
3599,62
3600,58
3601,58
3602,58
3603,58
3604,58
3605,58
3606,58
3607,58
3608,58
3609,58
3610,58
3611,58
3612,58
3613,58
3614,58
3615,58
3616,58
3617,58
3618,58
3619,58
3620,58
3621,58
3622,58
3623,58
3624,58
3625,58
3626,58
3627,58
3628,58
3629,58
3630,58
3631,58
3632,58
3633,58
3634,58
3635,58
3636,58
3637,58
3638,58
3639,58
3640,58
3641,58
3642,58
3643,58
3644,58
3645,58
3646,58
3647,58
3648,58
3649,58
3650,58
3651,58
3652,58
3653,58
3654,58
3655,58
3656,58
3657,58
3658,58
3659,58
3660,95
3661,95
3662,95
3663,95
3664,95
3665,95
3666,95
3667,95
3668,95
3669,95
3670,95
3671,95
3672,95
3673,91
3674,87
3675,83
3676,79
3677,75
3678,71
3679,67
3680,63
3681,59
3682,55
3683,51
3684,48
3685,45
3686,42
3687,39
3688,36
3689,34
3690,32
3691,30
3692,28
3693,26
3694,24
3695,22
3696,20
3697,18
3698,16
3699,14
3700,12
3701,12
3702,12
3703,12
3704,12
3705,12
3706,48
3707,48
3708,48
3709,48
3710,48
3711,48
3712,81
3713,81
3714,81
3715,81
3716,81
3717,81
3718,81
3719,81
3720,81
3721,81
3722,81
3723,81
3724,81
3725,81
3726,81
3727,81
3728,81
3729,81
3730,81
3731,81
3732,81
3733,117
3734,117
3735,117
3736,117
3737,117
3738,117
3739,117
3740,117
3741,117
3742,117
3743,117
3744,117
3745,117
3746,117
3747,117
3748,117
3749,117
3750,117
3751,117
3752,117
3753,117
3754,117
3755,117
3756,117
3757,117
3758,117
3759,117
3760,117
3761,117
3762,117
3763,117
3764,117
3765,117
3766,117
3767,117
3768,117
3769,117
3770,117
3771,117
3772,117
3773,146
3774,142
3775,138
3776,134
3777,130
3778,126
3779,122
3780,118
3781,114
3782,110
3783,106
3784,102
3785,98
3786,94
3787,90
3788,86
3789,82
3790,78
3791,74
3792,70
3793,66
3794,62
3795,58
3796,54
3797,50
3798,46
3799,42
3800,38
3801,38
3802,38
3803,38
3804,38
3805,38
3806,38
3807,38
3808,38
3809,38
3810,38
3811,38
3812,38
3813,38
3814,38
3815,38
3816,38
3817,38
3818,38
3819,38
3820,38
3821,38
3822,38
3823,38
3824,38
3825,38
3826,38
3827,38
3828,38
3829,38
3830,38
3831,38
3832,38
3833,38
3834,38
3835,38
3836,38
3837,38
3838,38
3839,38
3840,38
3841,38
3842,38
3843,38
3844,38
3845,38
3846,38
3847,38
3848,38
3849,38
3850,38
3851,38
3852,38
3853,38
3854,38
3855,38
3856,38
3857,38
3858,38
3859,38
3860,38
3861,38
3862,38
3863,38
3864,38
3865,38
3866,38
3867,38
3868,38
3869,38
3870,38
3871,38
3872,38
3873,34
3874,30
3875,26
3876,22
3877,18
3878,51
3879,47
3880,43
3881,39
3882,36
3883,33
3884,32
3885,31
3886,30
3887,29
3888,28
3889,27
3890,26
3891,25
3892,24
3893,23
3894,22
3895,21
3896,20
3897,19
3898,57
3899,55
3900,53
3901,53
3902,53
3903,53
3904,53
3905,53
3906,53
3907,53
3908,53
3909,53
3910,53
3911,53
3912,53
3913,53
3914,53
3915,53
3916,53
3917,53
3918,53
3919,53
3920,53
3921,53
3922,53
3923,53
3924,53
3925,53
3926,53
3927,53
3928,53
3929,53
3930,53
3931,53
3932,53
3933,53
3934,53
3935,53
3936,53
3937,53
3938,53
3939,53
3940,53
3941,53
3942,53
3943,53
3944,53
3945,53
3946,53
3947,53
3948,53
3949,53
3950,53
3951,53
3952,53
3953,53
3954,53
3955,53
3956,53
3957,53
3958,53
3959,53
3960,53
3961,53
3962,53
3963,53
3964,53
3965,53
3966,53
3967,53
3968,53
3969,53
3970,53
3971,53
3972,53
3973,51
3974,49
3975,47
3976,45
3977,43
3978,41
3979,39
3980,37
3981,35
3982,33
3983,31
3984,29
3985,27
3986,25
3987,23
3988,21
3989,20
3990,19
3991,18
3992,17
3993,16
3994,15
3995,14
3996,13
3997,12
3998,11
3999,10
4000,9
4001,9
4002,9
4003,9
4004,9
4005,9
4006,9
4007,9
4008,9
4009,9
4010,9
4011,9
4012,9
4013,9
4014,9
4015,9
4016,9
4017,9
4018,9
4019,9
4020,39
4021,39
4022,39
4023,39
4024,39
4025,39
4026,39
4027,39
4028,39
4029,39
4030,39
4031,39
4032,39
4033,39
4034,39
4035,39
4036,39
4037,39
4038,39
4039,39
4040,39
4041,39
4042,39
4043,39
4044,39
4045,39
4046,39
4047,39
4048,39
4049,39
4050,39
4051,39
4052,39
4053,39
4054,39
4055,39
4056,39
4057,39
4058,39
4059,39
4060,39
4061,39
4062,39
4063,39
4064,39
4065,39
4066,39
4067,39
4068,39
4069,39
4070,39
4071,39
4072,39
4073,37
4074,35
4075,33
4076,31
4077,29
4078,27
4079,25
4080,23
4081,21
4082,20
4083,19
4084,18
4085,17
4086,16
4087,15
4088,14
4089,13
4090,12
4091,11
4092,10
4093,9
4094,8
4095,7
4096,6
4097,5
4098,42
4099,40
4100,38
4101,38
4102,38
4103,38
4104,38
4105,38
4106,38
4107,38
4108,38
4109,38
4110,38
4111,38
4112,38
4113,38
4114,38
4115,38
4116,38
4117,38
4118,38
4119,38
4120,38
4121,38
4122,38
4123,38
4124,38
4125,38
4126,38
4127,38
4128,38
4129,38
4130,38
4131,38
4132,38
4133,38
4134,38
4135,38
4136,38
4137,38
4138,38
4139,38
4140,38
4141,38
4142,38
4143,38
4144,38
4145,38
4146,38
4147,38
4148,38
4149,38
4150,38
4151,38
4152,38
4153,38
4154,38
4155,38
4156,38
4157,38
4158,38
4159,38
4160,38
4161,38
4162,38
4163,38
4164,38
4165,38
4166,38
4167,38
4168,38
4169,38
4170,38
4171,38
4172,38
4173,36
4174,74
4175,72
4176,70
4177,68
4178,100
4179,97
4180,94
4181,91
4182,88
4183,85
4184,82
4185,79
4186,76
4187,73
4188,70
4189,67
4190,64
4191,61
4192,58
4193,55
4194,52
4195,49
4196,46
4197,43
4198,40
4199,37
4200,34
4201,34
4202,34
4203,34
4204,34
4205,34
4206,34
4207,34
4208,34
4209,34
4210,34
4211,34
4212,34
4213,34
4214,34
4215,34
4216,34
4217,34
4218,34
4219,34
4220,34
4221,34
4222,34
4223,34
4224,34
4225,34
4226,34
4227,34
4228,34
4229,34
4230,34
4231,34
4232,34
4233,34
4234,34
4235,34
4236,34
4237,34
4238,34
4239,34
4240,34
4241,34
4242,34
4243,34
4244,34
4245,34
4246,34
4247,34
4248,34
4249,34
4250,34
4251,34
4252,34
4253,34
4254,34
4255,34
4256,34
4257,34
4258,34
4259,34
4260,34
4261,34
4262,34
4263,34
4264,34
4265,34
4266,34
4267,34
4268,34
4269,34
4270,34
4271,34
4272,34
4273,31
4274,28
4275,25
4276,22
4277,19
4278,16
4279,13
4280,10
4281,8
4282,6
4283,4
4284,2
4285,1
4286,0
4287,0
4288,39
4289,38
4290,37
4291,36
4292,35
4293,34
4294,33
4295,32
4296,31
4297,30
4298,29
4299,28
4300,27
4301,27
4302,27
4303,27
4304,27
4305,27
4306,27
4307,27
4308,27
4309,27
4310,27
4311,27
4312,27
4313,27
4314,27
4315,27
4316,27
4317,27
4318,27
4319,27
4320,27
4321,27
4322,27
4323,27
4324,27
4325,27
4326,27
4327,27
4328,27
4329,27
4330,27
4331,27
4332,27
4333,27
4334,27
4335,27
4336,27
4337,27
4338,27
4339,27
4340,27
4341,27
4342,27
4343,27
4344,27
4345,27
4346,27
4347,27
4348,27
4349,27
4350,27
4351,27
4352,27
4353,27
4354,27
4355,27
4356,27
4357,27
4358,27
4359,27
4360,27
4361,27
4362,27
4363,27
4364,27
4365,27
4366,27
4367,27
4368,27
4369,27
4370,27
4371,27
4372,27
4373,59
4374,57
4375,55
4376,53
4377,51
4378,49
4379,47
4380,45
4381,43
4382,41
4383,39
4384,37
4385,35
4386,33
4387,31
4388,29
4389,27
4390,25
4391,23
4392,21
4393,19
4394,17
4395,15
4396,13
4397,11
4398,9
4399,7
4400,6
4401,6
4402,6
4403,6
4404,6
4405,6
4406,6
4407,6
4408,6
4409,6
4410,6
4411,6
4412,6
4413,6
4414,6
4415,6
4416,6
4417,6
4418,6
4419,6
4420,6
4421,6
4422,6
4423,6
4424,6
4425,42
4426,42
4427,42
4428,42
4429,42
4430,42
4431,42
4432,42
4433,42
4434,42
4435,42
4436,42
4437,42
4438,42
4439,42
4440,42
4441,78
4442,78
4443,78
4444,78
4445,78
4446,78
4447,78
4448,78
4449,78
4450,78
4451,78
4452,78
4453,78
4454,78
4455,78
4456,78
4457,78
4458,78
4459,78
4460,78
4461,78
4462,78
4463,78
4464,78
4465,78
4466,78
4467,78
4468,78
4469,78
4470,78
4471,78
4472,78
4473,75
4474,72
4475,69
4476,66
4477,63
4478,60
4479,58
4480,56
4481,54
4482,52
4483,50
4484,48
4485,46
4486,44
4487,42
4488,40
4489,72
4490,69
4491,66
4492,63
4493,60
4494,57
4495,54
4496,51
4497,48
4498,45
4499,42
4500,39
4501,39
4502,39
4503,39
4504,39
4505,39
4506,39
4507,39
4508,74
4509,74
4510,74
4511,74
4512,74
4513,74
4514,74
4515,74
4516,74
4517,74
4518,74
4519,74
4520,74
4521,74
4522,74
4523,74
4524,74
4525,74
4526,74
4527,74
4528,74
4529,74
4530,74
4531,74
4532,74
4533,74
4534,74
4535,74
4536,74
4537,74
4538,74
4539,74
4540,74
4541,74
4542,74
4543,74
4544,74
4545,74
4546,74
4547,74
4548,74
4549,74
4550,74
4551,74
4552,74
4553,74
4554,74
4555,74
4556,74
4557,74
4558,74
4559,74
4560,74
4561,74
4562,74
4563,74
4564,74
4565,74
4566,74
4567,74
4568,74
4569,74
4570,74
4571,74
4572,74
4573,102
4574,98
4575,94
4576,128
4577,124
4578,120
4579,116
4580,112
4581,108
4582,104
4583,100
4584,96
4585,92
4586,88
4587,84
4588,80
4589,76
4590,72
4591,68
4592,64
4593,60
4594,56
4595,52
4596,48
4597,44
4598,40
4599,37
4600,34
4601,34
4602,34
4603,34
4604,34
4605,34
4606,34
4607,34
4608,34
4609,34
4610,34
4611,34
4612,34
4613,34
4614,34
4615,34
4616,34
4617,34
4618,68
4619,68
4620,68
4621,68
4622,68
4623,68
4624,68
4625,101
4626,101
4627,101
4628,101
4629,101
4630,101
4631,101
4632,101
4633,101
4634,101
4635,101
4636,101
4637,101
4638,101
4639,101
4640,101
4641,101
4642,101
4643,101
4644,101
4645,101
4646,101
4647,101
4648,101
4649,101
4650,101
4651,101
4652,101
4653,101
4654,101
4655,101
4656,101
4657,101
4658,101
4659,101
4660,101
4661,101
4662,101
4663,101
4664,101
4665,101
4666,136
4667,136
4668,136
4669,136
4670,136
4671,136
4672,136
4673,132
4674,128
4675,124
4676,120
4677,116
4678,112
4679,108
4680,134
4681,130
4682,126
4683,122
4684,118
4685,114
4686,110
4687,106
4688,102
4689,98
4690,94
4691,90
4692,86
4693,82
4694,78
4695,74
4696,70
4697,66
4698,62
4699,58
4700,54
4701,54
4702,54
4703,54
4704,54
4705,54
4706,54
4707,54
4708,86
4709,86
4710,86
4711,86
4712,86
4713,86
4714,86
4715,86
4716,86
4717,86
4718,86
4719,86
4720,86
4721,86
4722,86
4723,86
4724,86
4725,86
4726,86
4727,86
4728,86
4729,86
4730,86
4731,86
4732,86
4733,86
4734,86
4735,86
4736,86
4737,86
4738,86
4739,86
4740,86
4741,86
4742,86
4743,86
4744,86
4745,86
4746,86
4747,86
4748,86
4749,86
4750,86
4751,86
4752,86
4753,86
4754,86
4755,86
4756,86
4757,86
4758,86
4759,86
4760,86
4761,86
4762,86
4763,86
4764,86
4765,86
4766,86
4767,86
4768,86
4769,86
4770,86
4771,86
4772,86
4773,82
4774,78
4775,74
4776,70
4777,66
4778,62
4779,58
4780,54
4781,88
4782,84
4783,80
4784,76
4785,72
4786,68
4787,64
4788,60
4789,56
4790,52
4791,49
4792,47
4793,45
4794,43
4795,41
4796,39
4797,37
4798,35
4799,33
4800,31
4801,31
4802,31
4803,31
4804,31
4805,31
4806,31
4807,31
4808,31
4809,31
4810,31
4811,31
4812,31
4813,31
4814,31
4815,31
4816,31
4817,31
4818,31
4819,31
4820,31
4821,31
4822,31
4823,31
4824,31
4825,31
4826,31
4827,31
4828,31
4829,31
4830,31
4831,31
4832,31
4833,31
4834,31
4835,31
4836,31
4837,31
4838,31
4839,31
4840,31
4841,31
4842,31
4843,31
4844,31
4845,31
4846,31
4847,31
4848,31
4849,31
4850,31
4851,31
4852,31
4853,31
4854,31
4855,31
4856,31
4857,31
4858,31
4859,31
4860,31
4861,31
4862,31
4863,31
4864,31
4865,31
4866,31
4867,31
4868,31
4869,31
4870,31
4871,31
4872,31
4873,29
4874,27
4875,25
4876,23
4877,21
4878,19
4879,17
4880,15
4881,53
4882,51
4883,49
4884,47
4885,45
4886,43
4887,41
4888,39
4889,37
4890,35
4891,33
4892,31
4893,29
4894,27
4895,26
4896,25
4897,24
4898,23
4899,22
4900,21
4901,21
4902,21
4903,21
4904,21
4905,21
4906,21
4907,21
4908,21
4909,53
4910,53
4911,53
4912,53
4913,53
4914,53
4915,53
4916,53
4917,53
4918,53
4919,53
4920,53
4921,53
4922,53
4923,53
4924,53
4925,53
4926,53
4927,53
4928,53
4929,53
4930,90
4931,90
4932,90
4933,90
4934,90
4935,90
4936,90
4937,90
4938,90
4939,90
4940,90
4941,90
4942,90
4943,90
4944,90
4945,90
4946,90
4947,90
4948,90
4949,90
4950,90
4951,90
4952,90
4953,90
4954,90
4955,90
4956,90
4957,90
4958,90
4959,90
4960,90
4961,90
4962,90
4963,90
4964,90
4965,90
4966,90
4967,90
4968,90
4969,90
4970,90
4971,90
4972,120
4973,116
4974,112
4975,108
4976,104
4977,100
4978,96
4979,92
4980,88
4981,84
4982,80
4983,76
4984,72
4985,68
4986,64
4987,60
4988,56
4989,52
4990,48
4991,44
4992,40
4993,36
4994,33
4995,30
4996,27
4997,24
4998,21
4999,18
5000,15
5001,15
5002,15
5003,15
5004,15
5005,15
5006,15
5007,15
5008,15
5009,15
5010,15
5011,15
5012,15
5013,15
5014,15
5015,15
5016,15
5017,15
5018,15
5019,15
5020,15
5021,15
5022,15
5023,15
5024,15
5025,15
5026,15
5027,15
5028,15
5029,15
5030,15
5031,15
5032,15
5033,15
5034,15
5035,15
5036,15
5037,15
5038,15
5039,15
5040,15
5041,15
5042,15
5043,15
5044,15
5045,15
5046,15
5047,15
5048,15
5049,15
5050,15
5051,15
5052,15
5053,15
5054,15
5055,15
5056,15
5057,15
5058,15
5059,15
5060,15
5061,15
5062,15
5063,15
5064,15
5065,15
5066,15
5067,15
5068,15
5069,15
5070,15
5071,15
5072,15
5073,51
5074,47
5075,44
5076,41
5077,39
5078,37
5079,35
5080,66
5081,63
5082,61
5083,59
5084,57
5085,55
5086,53
5087,51
5088,49
5089,47
5090,76
5091,73
5092,70
5093,67
5094,64
5095,61
5096,58
5097,55
5098,52
5099,49
5100,46
5101,46
5102,46
5103,46
5104,46
5105,46
5106,46
5107,46
5108,46
5109,46
5110,46
5111,46
5112,46
5113,46
5114,46
5115,46
5116,46
5117,46
5118,46
5119,46
5120,46
5121,46
5122,46
5123,46
5124,46
5125,46
5126,46
5127,46
5128,46
5129,46
5130,46
5131,46
5132,46
5133,46
5134,46
5135,46
5136,46
5137,46
5138,46
5139,46
5140,46
5141,46
5142,46
5143,46
5144,46
5145,46
5146,46
5147,46
5148,46
5149,46
5150,46
5151,46
5152,46
5153,46
5154,46
5155,46
5156,46
5157,46
5158,46
5159,46
5160,46
5161,46
5162,46
5163,46
5164,46
5165,46
5166,46
5167,46
5168,46
5169,46
5170,46
5171,46
5172,46
5173,43
5174,40
5175,37
5176,34
5177,31
5178,28
5179,25
5180,22
5181,19
5182,16
5183,13
5184,10
5185,8
5186,7
5187,6
5188,5
5189,4
5190,3
5191,2
5192,1
5193,0
5194,0
5195,0
5196,0
5197,0
5198,0
5199,0
5200,0
5201,0
5202,0
5203,0
5204,0
5205,0
5206,0
5207,0
5208,0
5209,0
5210,0
5211,0
5212,0
5213,35
5214,35
5215,35
5216,35
5217,35
5218,35
5219,35
5220,35
5221,35
5222,35
5223,35
5224,35
5225,35
5226,35
5227,35
5228,35
5229,35
5230,35
5231,35
5232,35
5233,35
5234,35
5235,35
5236,35
5237,35
5238,35
5239,35
5240,35
5241,35
5242,35
5243,35
5244,35
5245,35
5246,35
5247,35
5248,35
5249,35
5250,35
5251,35
5252,35
5253,35
5254,35
5255,35
5256,35
5257,35
5258,35
5259,35
5260,35
5261,35
5262,35
5263,35
5264,35
5265,35
5266,35
5267,35
5268,35
5269,35
5270,35
5271,35
5272,35
5273,34
5274,33
5275,32
5276,31
5277,68
5278,66
5279,64
5280,62
5281,95
5282,126
5283,122
5284,118
5285,114
5286,110
5287,106
5288,102
5289,98
5290,94
5291,90
5292,86
5293,82
5294,78
5295,74
5296,70
5297,98
5298,94
5299,90
5300,86
5301,86
5302,86
5303,86
5304,116
5305,116
5306,116
5307,116
5308,116
5309,116
5310,116
5311,116
5312,116
5313,116
5314,116
5315,116
5316,116
5317,116
5318,116
5319,116
5320,116
5321,116
5322,116
5323,116
5324,116
5325,116
5326,116
5327,116
5328,116
5329,116
5330,116
5331,116
5332,116
5333,116
5334,116
5335,116
5336,116
5337,116
5338,116
5339,116
5340,116
5341,116
5342,116
5343,116
5344,116
5345,116
5346,116
5347,116
5348,116
5349,116
5350,116
5351,116
5352,116
5353,116
5354,153
5355,153
5356,153
5357,153
5358,153
5359,153
5360,153
5361,153
5362,153
5363,153
5364,153
5365,153
5366,153
5367,153
5368,153
5369,153
5370,153
5371,185
5372,185
5373,221
5374,217
5375,213
5376,209
5377,205
5378,201
5379,197
5380,193
5381,189
5382,185
5383,181
5384,177
5385,173
5386,169
5387,165
5388,161
5389,157
5390,153
5391,149
5392,145
5393,177
5394,173
5395,169
5396,165
5397,161
5398,157
5399,153
5400,149
5401,149
5402,149
5403,149
5404,149
5405,149
5406,149
5407,149
5408,149
5409,149
5410,149
5411,149
5412,149
5413,149
5414,149
5415,149
5416,149
5417,149
5418,149
5419,149
5420,149
5421,149
5422,149
5423,149
5424,149
5425,149
5426,149
5427,149
5428,149
5429,149
5430,149
5431,149
5432,149
5433,149
5434,149
5435,149
5436,149
5437,149
5438,149
5439,149
5440,149
5441,149
5442,149
5443,149
5444,149
5445,149
5446,149
5447,149
5448,149
5449,149
5450,149
5451,149
5452,149
5453,149
5454,149
5455,149
5456,149
5457,182
5458,182
5459,182
5460,182
5461,182
5462,182
5463,182
5464,182
5465,182
5466,182
5467,182
5468,182
5469,182
5470,182
5471,182
5472,182
5473,178
5474,174
5475,170
5476,166
5477,162
5478,158
5479,154
5480,150
5481,178
5482,174
5483,170
5484,166
5485,162
5486,158
5487,154
5488,150
5489,146
5490,142
5491,138
5492,165
5493,161
5494,157
5495,153
5496,149
5497,145
5498,141
5499,137
5500,133
5501,133
5502,133
5503,133
5504,133
5505,133
5506,133
5507,133
5508,133
5509,133
5510,133
5511,133
5512,163
5513,163
5514,163
5515,163
5516,163
5517,163
5518,163
5519,163
5520,163
5521,163
5522,163
5523,163
5524,163
5525,163
5526,163
5527,163
5528,163
5529,163
5530,163
5531,163
5532,163
5533,163
5534,203
5535,203
5536,203
5537,203
5538,203
5539,203
5540,203
5541,203
5542,203
5543,203
5544,203
5545,203
5546,203
5547,203
5548,203
5549,203
5550,203
5551,203
5552,203
5553,203
5554,203
5555,203
5556,203
5557,203
5558,203
5559,203
5560,203
5561,203
5562,203
5563,203
5564,203
5565,203
5566,203
5567,203
5568,203
5569,203
5570,203
5571,203
5572,203
5573,199
5574,195
5575,191
5576,187
5577,183
5578,179
5579,175
5580,171
5581,167
5582,163
5583,159
5584,155
5585,151
5586,147
5587,143
5588,173
5589,169
5590,165
5591,161
5592,157
5593,153
5594,149
5595,145
5596,141
5597,137
5598,133
5599,129
5600,125
5601,156
5602,156
5603,156
5604,156
5605,156
5606,156
5607,156
5608,156
5609,156
5610,156
5611,156
5612,156
5613,156
5614,156
5615,156
5616,156
5617,156
5618,156
5619,156
5620,156
5621,156
5622,156
5623,156
5624,156
5625,156
5626,156
5627,156
5628,156
5629,156
5630,156
5631,156
5632,156
5633,156
5634,156
5635,186
5636,186
5637,186
5638,186
5639,186
5640,186
5641,186
5642,186
5643,186
5644,186
5645,186
5646,186
5647,186
5648,186
5649,186
5650,186
5651,186
5652,186
5653,186
5654,186
5655,186
5656,186
5657,186
5658,186
5659,186
5660,186
5661,186
5662,186
5663,186
5664,186
5665,186
5666,186
5667,186
5668,186
5669,186
5670,186
5671,186
5672,186
5673,182
5674,178
5675,174
5676,170
5677,166
5678,162
5679,158
5680,154
5681,150
5682,146
5683,142
5684,138
5685,134
5686,130
5687,126
5688,122
5689,118
5690,114
5691,110
5692,106
5693,102
5694,98
5695,94
5696,90
5697,86
5698,82
5699,78
5700,74
5701,74
5702,74
5703,74
5704,74
5705,74
5706,74
5707,74
5708,74
5709,74
5710,74
5711,74
5712,74
5713,74
5714,74
5715,74
5716,74
5717,74
5718,74
5719,74
5720,74
5721,74
5722,74
5723,74
5724,74
5725,74
5726,74
5727,74
5728,74
5729,74
5730,74
5731,74
5732,74
5733,74
5734,74
5735,74
5736,74
5737,74
5738,74
5739,74
5740,74
5741,74
5742,74
5743,74
5744,74
5745,74
5746,74
5747,74
5748,74
5749,74
5750,74
5751,74
5752,74
5753,74
5754,74
5755,74
5756,74
5757,74
5758,74
5759,74
5760,74
5761,74
5762,74
5763,74
5764,74
5765,74
5766,74
5767,74
5768,74
5769,74
5770,74
5771,74
5772,74
5773,70
5774,66
5775,62
5776,58
5777,54
5778,50
5779,46
5780,42
5781,38
5782,34
5783,30
5784,26
5785,22
5786,18
5787,14
5788,10
5789,6
5790,3
5791,1
5792,0
5793,0
5794,0
5795,0
5796,0
5797,0
5798,0
5799,0
5800,0
5801,0
5802,0
5803,0
5804,0
5805,0
5806,0
5807,0
5808,0
5809,0
5810,0
5811,0
5812,0
5813,0
5814,0
5815,0
5816,0
5817,0
5818,0
5819,0
5820,0
5821,0
5822,0
5823,0
5824,0
5825,0
5826,0
5827,0
5828,0
5829,0
5830,0
5831,0
5832,38
5833,38
5834,38
5835,38
5836,38
5837,38
5838,38
5839,38
5840,38
5841,38
5842,38
5843,38
5844,38
5845,38
5846,38
5847,38
5848,38
5849,38
5850,38
5851,38
5852,38
5853,38
5854,38
5855,38
5856,38
5857,38
5858,38
5859,38
5860,38
5861,38
5862,38
5863,38
5864,38
5865,38
5866,38
5867,38
5868,38
5869,38
5870,38
5871,38
5872,38
5873,37
5874,36
5875,35
5876,34
5877,33
5878,32
5879,31
5880,30
5881,29
5882,28
5883,27
5884,26
5885,25
5886,54
5887,52
5888,50
5889,48
5890,46
5891,44
5892,42
5893,40
5894,38
5895,36
5896,34
5897,32
5898,30
5899,28
5900,26
5901,26
5902,26
5903,26
5904,26
5905,26
5906,26
5907,26
5908,26
5909,26
5910,26
5911,26
5912,26
5913,26
5914,26
5915,26
5916,26
5917,26
5918,26
5919,26
5920,26
5921,26
5922,26
5923,26
5924,26
5925,26
5926,26
5927,26
5928,26
5929,26
5930,26
5931,26
5932,26
5933,26
5934,26
5935,26
5936,26
5937,26
5938,26
5939,26
5940,26
5941,65
5942,65
5943,65
5944,104
5945,104
5946,104
5947,104
5948,104
5949,104
5950,104
5951,104
5952,104
5953,104
5954,104
5955,104
5956,104
5957,104
5958,104
5959,104
5960,104
5961,104
5962,104
5963,104
5964,104
5965,104
5966,104
5967,104
5968,104
5969,104
5970,104
5971,104
5972,104
5973,100
5974,96
5975,92
5976,88
5977,84
5978,80
5979,76
5980,72
5981,68
5982,64
5983,61
5984,58
5985,55
5986,86
5987,82
5988,78
5989,75
5990,72
5991,69
5992,66
5993,63
5994,60
5995,57
5996,54
5997,51
5998,48
5999,45
6000,42
6001,42
6002,42
6003,42
6004,42
6005,42
6006,42
6007,42
6008,42
6009,42
6010,42
6011,42
6012,42
6013,42
6014,42
6015,42
6016,42
6017,42
6018,42
6019,42
6020,42
6021,42
6022,42
6023,42
6024,42
6025,42
6026,42
6027,42
6028,42
6029,42
6030,42
6031,42
6032,42
6033,42
6034,42
6035,42
6036,42
6037,42
6038,42
6039,42
6040,42
6041,42
6042,42
6043,42
6044,42
6045,42
6046,42
6047,42
6048,42
6049,42
6050,42
6051,42
6052,42
6053,42
6054,42
6055,42
6056,73
6057,73
6058,73
6059,73
6060,73
6061,73
6062,73
6063,73
6064,73
6065,73
6066,73
6067,73
6068,73
6069,73
6070,73
6071,73
6072,73
6073,69
6074,65
6075,61
6076,57
6077,53
6078,49
6079,45
6080,41
6081,37
6082,33
6083,29
6084,27
6085,25
6086,23
6087,21
6088,19
6089,17
6090,15
6091,13
6092,11
6093,10
6094,9
6095,47
6096,45
6097,43
6098,41
6099,39
6100,37
6101,37
6102,37
6103,37
6104,37
6105,37
6106,37
6107,37
6108,37
6109,37
6110,37
6111,37
6112,37
6113,37
6114,37
6115,37
6116,37
6117,37
6118,37
6119,37
6120,37
6121,37
6122,37
6123,37
6124,37
6125,37
6126,37
6127,37
6128,37
6129,37
6130,37
6131,37
6132,37
6133,37
6134,37
6135,37
6136,37
6137,37
6138,37
6139,37
6140,37
6141,37
6142,37
6143,37
6144,37
6145,37
6146,37
6147,37
6148,37
6149,37
6150,37
6151,37
6152,37
6153,37
6154,37
6155,37
6156,37
6157,37
6158,37
6159,77
6160,77
6161,77
6162,77
6163,77
6164,77
6165,77
6166,77
6167,77
6168,77
6169,77
6170,77
6171,77
6172,77
6173,74
6174,71
6175,68
6176,66
6177,64
6178,62
6179,60
6180,58
6181,56
6182,54
6183,52
6184,50
6185,48
6186,46
6187,44
6188,42
6189,40
6190,38
6191,36
6192,34
6193,32
6194,30
6195,28
6196,26
6197,24
6198,22
6199,20
6200,18
6201,18
6202,18
6203,18
6204,18
6205,18
6206,18
6207,18
6208,18
6209,18
6210,18
6211,18
6212,18
6213,18
6214,18
6215,18
6216,54
6217,54
6218,54
6219,54
6220,54
6221,54
6222,54
6223,54
6224,54
6225,54
6226,54
6227,54
6228,54
6229,54
6230,54
6231,54
6232,54
6233,54
6234,54
6235,54
6236,54
6237,54
6238,54
6239,54
6240,54
6241,54
6242,54
6243,54
6244,88
6245,88
6246,88
6247,88
6248,88
6249,88
6250,88
6251,88
6252,88
6253,88
6254,88
6255,88
6256,88
6257,88
6258,88
6259,88
6260,88
6261,88
6262,88
6263,88
6264,88
6265,88
6266,88
6267,88
6268,88
6269,88
6270,88
6271,88
6272,88
6273,119
6274,115
6275,111
6276,107
6277,103
6278,99
6279,95
6280,91
6281,87
6282,83
6283,79
6284,75
6285,71
6286,68
6287,65
6288,62
6289,59
6290,56
6291,83
6292,79
6293,75
6294,71
6295,67
6296,63
6297,59
6298,55
6299,51
6300,47
6301,47
6302,47
6303,47
6304,47
6305,47
6306,47
6307,47
6308,47
6309,47
6310,47
6311,47
6312,47
6313,47
6314,47
6315,47
6316,47
6317,47
6318,47
6319,47
6320,47
6321,47
6322,47
6323,47
6324,47
6325,47
6326,47
6327,47
6328,47
6329,47
6330,47
6331,47
6332,47
6333,47
6334,47
6335,47
6336,47
6337,47
6338,47
6339,47
6340,47
6341,77
6342,77
6343,77
6344,77
6345,77
6346,77
6347,77
6348,77
6349,108
6350,108
6351,108
6352,108
6353,108
6354,108
6355,108
6356,108
6357,108
6358,108
6359,108
6360,108
6361,108
6362,108
6363,108
6364,108
6365,108
6366,108
6367,108
6368,108
6369,108
6370,108
6371,108
6372,108
6373,143
6374,139
6375,135
6376,131
6377,166
6378,162
6379,158
6380,154
6381,188
6382,184
6383,180
6384,176
6385,172
6386,168
6387,164
6388,160
6389,156
6390,152
6391,148
6392,144
6393,140
6394,136
6395,132
6396,128
6397,124
6398,120
6399,116
6400,112
6401,112
6402,112
6403,112
6404,112
6405,112
6406,112
6407,112
6408,112
6409,112
6410,112
6411,112
6412,112
6413,112
6414,112
6415,112
6416,112
6417,112
6418,112
6419,112
6420,112
6421,112
6422,112
6423,112
6424,112
6425,112
6426,112
6427,112
6428,112
6429,112
6430,112
6431,112
6432,112
6433,112
6434,112
6435,112
6436,112
6437,112
6438,112
6439,112
6440,112
6441,112
6442,112
6443,112
6444,112
6445,112
6446,112
6447,112
6448,112
6449,112
6450,112
6451,112
6452,112
6453,151
6454,151
6455,151
6456,151
6457,151
6458,151
6459,151
6460,151
6461,151
6462,151
6463,151
6464,151
6465,151
6466,151
6467,151
6468,151
6469,151
6470,151
6471,151
6472,151
6473,147
6474,143
6475,139
6476,135
6477,131
6478,127
6479,123
6480,119
6481,115
6482,111
6483,107
6484,103
6485,99
6486,95
6487,91
6488,87
6489,83
6490,79
6491,75
6492,71
6493,67
6494,63
6495,59
6496,55
6497,51
6498,47
6499,43
6500,39
6501,39
6502,39
6503,39
6504,39
6505,39
6506,39
6507,39
6508,39
6509,39
6510,39
6511,39
6512,39
6513,39
6514,39
6515,39
6516,39
6517,39
6518,39
6519,39
6520,39
6521,39
6522,39
6523,39
6524,39
6525,39
6526,39
6527,39
6528,39
6529,39
6530,39
6531,39
6532,39
6533,39
6534,39
6535,39
6536,39
6537,39
6538,39
6539,39
6540,39
6541,39
6542,39
6543,75
6544,75
6545,75
6546,75
6547,75
6548,75
6549,75
6550,75
6551,75
6552,75
6553,75
6554,75
6555,75
6556,75
6557,75
6558,75
6559,75
6560,75
6561,75
6562,75
6563,75
6564,75
6565,75
6566,75
6567,75
6568,75
6569,75
6570,75
6571,75
6572,75
6573,71
6574,101
6575,97
6576,93
6577,89
6578,85
6579,81
6580,77
6581,73
6582,106
6583,102
6584,98
6585,94
6586,90
6587,86
6588,82
6589,78
6590,74
6591,70
6592,66
6593,62
6594,58
6595,55
6596,52
6597,49
6598,46
6599,43
6600,40
6601,40
6602,40
6603,40
6604,40
6605,75
6606,75
6607,75
6608,75
6609,75
6610,75
6611,75
6612,75
6613,75
6614,75
6615,75
6616,75
6617,75
6618,75
6619,75
6620,75
6621,75
6622,75
6623,75
6624,75
6625,75
6626,75
6627,75
6628,75
6629,75
6630,75
6631,75
6632,75
6633,108
6634,108
6635,108
6636,108
6637,108
6638,108
6639,108
6640,108
6641,108
6642,108
6643,108
6644,108
6645,108
6646,108
6647,108
6648,108
6649,108
6650,108
6651,108
6652,108
6653,108
6654,108
6655,108
6656,108
6657,108
6658,108
6659,108
6660,108
6661,108
6662,108
6663,108
6664,108
6665,108
6666,108
6667,108
6668,108
6669,143
6670,143
6671,143
6672,143
6673,139
6674,135
6675,131
6676,127
6677,123
6678,119
6679,115
6680,111
6681,107
6682,103
6683,134
6684,130
6685,126
6686,122
6687,118
6688,114
6689,110
6690,106
6691,102
6692,98
6693,94
6694,90
6695,86
6696,82
6697,78
6698,74
6699,70
6700,66
6701,66
6702,66
6703,66
6704,66
6705,66
6706,66
6707,66
6708,66
6709,66
6710,66
6711,66
6712,66
6713,66
6714,66
6715,66
6716,66
6717,66
6718,66
6719,66
6720,66
6721,66
6722,66
6723,66
6724,66
6725,66
6726,66
6727,66
6728,103
6729,103
6730,103
6731,103
6732,103
6733,103
6734,103
6735,103
6736,103
6737,103
6738,103
6739,136
6740,136
6741,136
6742,136
6743,136
6744,136
6745,136
6746,136
6747,167
6748,167
6749,167
6750,167
6751,167
6752,167
6753,167
6754,167
6755,167
6756,167
6757,167
6758,167
6759,167
6760,167
6761,167
6762,167
6763,167
6764,167
6765,167
6766,167
6767,167
6768,167
6769,167
6770,167
6771,167
6772,167
6773,163
6774,159
6775,155
6776,151
6777,147
6778,143
6779,139
6780,135
6781,131
6782,127
6783,123
6784,119
6785,115
6786,111
6787,107
6788,103
6789,99
6790,95
6791,91
6792,87
6793,114
6794,110
6795,106
6796,102
6797,98
6798,94
6799,90
6800,86
6801,86
6802,86
6803,86
6804,86
6805,86
6806,86
6807,86
6808,86
6809,86
6810,86
6811,86
6812,86
6813,86
6814,86
6815,86
6816,86
6817,86
6818,86
6819,86
6820,86
6821,86
6822,86
6823,86
6824,86
6825,86
6826,86
6827,86
6828,86
6829,86
6830,86
6831,86
6832,86
6833,86
6834,86
6835,86
6836,86
6837,86
6838,86
6839,86
6840,86
6841,86
6842,86
6843,86
6844,86
6845,86
6846,86
6847,86
6848,86
6849,86
6850,86
6851,86
6852,86
6853,86
6854,86
6855,86
6856,86
6857,86
6858,86
6859,86
6860,86
6861,86
6862,86
6863,86
6864,86
6865,86
6866,86
6867,86
6868,86
6869,86
6870,86
6871,86
6872,86
6873,82
6874,78
6875,74
6876,70
6877,66
6878,62
6879,58
6880,54
6881,50
6882,46
6883,42
6884,38
6885,34
6886,30
6887,26
6888,22
6889,18
6890,15
6891,13
6892,11
6893,9
6894,7
6895,6
6896,5
6897,4
6898,3
6899,2
6900,1
6901,1
6902,1
6903,1
6904,1
6905,1
6906,1
6907,1
6908,1
6909,1
6910,1
6911,1
6912,1
6913,1
6914,1
6915,1
6916,1
6917,1
6918,1
6919,1
6920,1
6921,1
6922,1
6923,1
6924,1
6925,1
6926,1
6927,1
6928,1
6929,1
6930,1
6931,1
6932,1
6933,1
6934,1
6935,1
6936,1
6937,1
6938,1
6939,1
6940,1
6941,1
6942,1
6943,1
6944,1
6945,1
6946,1
6947,1
6948,1
6949,1
6950,1
6951,1
6952,1
6953,1
6954,1
6955,1
6956,1
6957,1
6958,1
6959,1
6960,1
6961,1
6962,1
6963,1
6964,1
6965,1
6966,1
6967,1
6968,1
6969,1
6970,1
6971,1
6972,1
6973,0
6974,0
6975,0
6976,0
6977,0
6978,0
6979,0
6980,0
6981,0
6982,0
6983,0
6984,0
6985,0
6986,0
6987,0
6988,0
6989,0
6990,0
6991,0
6992,0
6993,0
6994,0
6995,0
6996,0
6997,0
6998,0
6999,0
7000,0
7001,0
7002,0
7003,0
7004,0
7005,0
7006,0
7007,0
7008,0
7009,0
7010,32
7011,32
7012,32
7013,32
7014,32
7015,32
7016,32
7017,32
7018,32
7019,32
7020,32
7021,32
7022,32
7023,32
7024,32
7025,32
7026,32
7027,32
7028,32
7029,32
7030,32
7031,32
7032,32
7033,32
7034,32
7035,32
7036,32
7037,32
7038,32
7039,32
7040,32
7041,32
7042,32
7043,32
7044,32
7045,32
7046,32
7047,32
7048,32
7049,32
7050,32
7051,32
7052,32
7053,32
7054,32
7055,32
7056,32
7057,32
7058,32
7059,32
7060,32
7061,32
7062,32
7063,32
7064,32
7065,32
7066,32
7067,32
7068,32
7069,32
7070,32
7071,32
7072,32
7073,31
7074,30
7075,29
7076,28
7077,27
7078,26
7079,25
7080,24
7081,23
7082,22
7083,21
7084,20
7085,19
7086,18
7087,55
7088,53
7089,51
7090,49
7091,47
7092,45
7093,43
7094,41
7095,39
7096,37
7097,35
7098,33
7099,31
7100,29
7101,29
7102,29
7103,29
7104,29
7105,29
7106,29
7107,29
7108,29
7109,29
7110,29
7111,29
7112,29
7113,29
7114,29
7115,29
7116,29
7117,29
7118,29
7119,29
7120,29
7121,29
7122,61
7123,61
7124,61
7125,61
7126,61
7127,61
7128,61
7129,61
7130,61
7131,61
7132,61
7133,61
7134,61
7135,61
7136,61
7137,61
7138,61
7139,61
7140,61
7141,61
7142,61
7143,61
7144,61
7145,61
7146,61
7147,61
7148,61
7149,61
7150,61
7151,61
7152,61
7153,61
7154,61
7155,61
7156,61
7157,61
7158,61
7159,61
7160,61
7161,61
7162,61
7163,61
7164,61
7165,61
7166,61
7167,61
7168,61
7169,61
7170,61
7171,61
7172,61
7173,58
7174,55
7175,52
7176,49
7177,47
7178,45
7179,43
7180,41
7181,39
7182,37
7183,35
7184,33
7185,31
7186,29
7187,27
7188,25
7189,23
7190,21
7191,52
7192,49
7193,46
7194,43
7195,40
7196,37
7197,34
7198,32
7199,30
7200,28
7201,28
7202,28
7203,28
7204,28
7205,28
7206,28
7207,28
7208,66
7209,66
7210,66
7211,66
7212,66
7213,66
7214,66
7215,66
7216,66
7217,66
7218,66
7219,66
7220,66
7221,66
7222,66
7223,66
7224,66
7225,66
7226,66
7227,66
7228,66
7229,66
7230,66
7231,66
7232,66
7233,66
7234,66
7235,66
7236,66
7237,66
7238,66
7239,66
7240,66
7241,103
7242,103
7243,103
7244,103
7245,103
7246,103
7247,103
7248,103
7249,103
7250,103
7251,103
7252,103
7253,103
7254,103
7255,103
7256,103
7257,103
7258,103
7259,103
7260,103
7261,103
7262,103
7263,103
7264,103
7265,103
7266,103
7267,103
7268,103
7269,103
7270,103
7271,140
7272,140
7273,136
7274,132
7275,128
7276,124
7277,120
7278,116
7279,112
7280,108
7281,104
7282,100
7283,96
7284,92
7285,88
7286,84
7287,80
7288,76
7289,72
7290,68
7291,64
7292,60
7293,56
7294,52
7295,48
7296,44
7297,40
7298,37
7299,34
7300,31
7301,31
7302,31
7303,31
7304,31
7305,31
7306,31
7307,31
7308,31
7309,31
7310,31
7311,31
7312,31
7313,31
7314,31
7315,31
7316,31
7317,31
7318,31
7319,31
7320,31
7321,31
7322,31
7323,31
7324,31
7325,31
7326,31
7327,31
7328,31
7329,31
7330,31
7331,31
7332,31
7333,31
7334,31
7335,31
7336,31
7337,31
7338,31
7339,31
7340,31
7341,31
7342,31
7343,31
7344,31
7345,31
7346,31
7347,31
7348,31
7349,31
7350,31
7351,31
7352,31
7353,31
7354,31
7355,31
7356,31
7357,31
7358,31
7359,31
7360,31
7361,31
7362,31
7363,31
7364,31
7365,31
7366,31
7367,31
7368,31
7369,31
7370,31
7371,31
7372,31
7373,28
7374,25
7375,22
7376,19
7377,16
7378,13
7379,10
7380,7
7381,4
7382,1
7383,0
7384,0
7385,0
7386,0
7387,0
7388,0
7389,0
7390,0
7391,0
7392,0
7393,0
7394,0
7395,0
7396,34
7397,33
7398,32
7399,31
7400,30
7401,30
7402,30
7403,30
7404,30
7405,30
7406,30
7407,30
7408,30
7409,30
7410,30
7411,30
7412,30
7413,30
7414,30
7415,30
7416,30
7417,30
7418,30
7419,30
7420,30
7421,30
7422,30
7423,30
7424,30
7425,30
7426,30
7427,30
7428,30
7429,30
7430,62
7431,62
7432,62
7433,62
7434,62
7435,62
7436,62
7437,62
7438,62
7439,62
7440,62
7441,62
7442,62
7443,62
7444,62
7445,62
7446,62
7447,62
7448,62
7449,62
7450,62
7451,62
7452,62
7453,62
7454,96
7455,96
7456,96
7457,96
7458,96
7459,96
7460,96
7461,96
7462,96
7463,96
7464,96
7465,96
7466,96
7467,96
7468,96
7469,96
7470,96
7471,96
7472,96
7473,93
7474,90
7475,87
7476,84
7477,81
7478,78
7479,112
7480,108
7481,104
7482,100
7483,96
7484,92
7485,88
7486,84
7487,80
7488,76
7489,72
7490,68
7491,64
7492,60
7493,56
7494,52
7495,48
7496,44
7497,40
7498,36
7499,32
7500,28
7501,28
7502,28
7503,28
7504,28
7505,28
7506,28
7507,28
7508,28
7509,28
7510,28
7511,28
7512,28
7513,28
7514,28
7515,28
7516,28
7517,28
7518,28
7519,28
7520,28
7521,28
7522,28
7523,28
7524,28
7525,58
7526,58
7527,58
7528,58
7529,58
7530,58
7531,58
7532,58
7533,58
7534,58
7535,58
7536,58
7537,58
7538,58
7539,58
7540,58
7541,58
7542,58
7543,58
7544,58
7545,58
7546,58
7547,58
7548,58
7549,95
7550,95
7551,95
7552,95
7553,95
7554,95
7555,95
7556,95
7557,95
7558,95
7559,95
7560,95
7561,95
7562,95
7563,95
7564,95
7565,95
7566,95
7567,95
7568,95
7569,95
7570,95
7571,95
7572,95
7573,91
7574,87
7575,83
7576,79
7577,75
7578,71
7579,67
7580,64
7581,92
7582,88
7583,84
7584,80
7585,76
7586,72
7587,68
7588,64
7589,60
7590,57
7591,54
7592,51
7593,48
7594,45
7595,42
7596,39
7597,36
7598,33
7599,30
7600,27
7601,27
7602,27
7603,27
7604,27
7605,27
7606,67
7607,67
7608,67
7609,67
7610,67
7611,67
7612,67
7613,67
7614,67
7615,67
7616,67
7617,67
7618,67
7619,67
7620,67
7621,67
7622,67
7623,67
7624,67
7625,67
7626,67
7627,67
7628,67
7629,67
7630,67
7631,67
7632,67
7633,67
7634,67
7635,106
7636,106
7637,106
7638,106
7639,106
7640,106
7641,106
7642,106
7643,106
7644,106
7645,106
7646,106
7647,106
7648,106
7649,106
7650,106
7651,106
7652,106
7653,106
7654,106
7655,106
7656,106
7657,106
7658,106
7659,106
7660,106
7661,106
7662,106
7663,106
7664,106
7665,106
7666,106
7667,106
7668,106
7669,136
7670,136
7671,136
7672,136
7673,132
7674,128
7675,124
7676,120
7677,116
7678,112
7679,108
7680,104
7681,100
7682,96
7683,92
7684,88
7685,84
7686,80
7687,76
7688,73
7689,70
7690,67
7691,64
7692,61
7693,58
7694,55
7695,52
7696,49
7697,46
7698,43
7699,40
7700,37
7701,37
7702,37
7703,37
7704,37
7705,37
7706,37
7707,37
7708,37
7709,37
7710,37
7711,37
7712,37
7713,37
7714,37
7715,37
7716,37
7717,37
7718,37
7719,37
7720,37
7721,37
7722,37
7723,37
7724,76
7725,76
7726,76
7727,76
7728,76
7729,76
7730,76
7731,76
7732,76
7733,76
7734,76
7735,76
7736,76
7737,76
7738,76
7739,76
7740,76
7741,76
7742,76
7743,76
7744,76
7745,76
7746,76
7747,76
7748,76
7749,76
7750,76
7751,76
7752,76
7753,76
7754,76
7755,76
7756,76
7757,76
7758,76
7759,76
7760,76
7761,76
7762,76
7763,76
7764,76
7765,76
7766,76
7767,76
7768,76
7769,76
7770,76
7771,76
7772,76
7773,72
7774,102
7775,98
7776,94
7777,90
7778,86
7779,82
7780,78
7781,74
7782,70
7783,66
7784,62
7785,58
7786,54
7787,50
7788,85
7789,81
7790,78
7791,75
7792,72
7793,69
7794,66
7795,63
7796,60
7797,57
7798,87
7799,83
7800,79
7801,79
7802,79
7803,79
7804,79
7805,79
7806,79
7807,79
7808,79
7809,79
7810,79
7811,79
7812,79
7813,79
7814,79
7815,79
7816,79
7817,79
7818,79
7819,79
7820,79
7821,79
7822,79
7823,79
7824,79
7825,79
7826,79
7827,79
7828,79
7829,79
7830,79
7831,79
7832,79
7833,79
7834,79
7835,79
7836,79
7837,79
7838,79
7839,79
7840,79
7841,79
7842,79
7843,79
7844,79
7845,79
7846,79
7847,79
7848,79
7849,79
7850,79
7851,79
7852,79
7853,79
7854,79
7855,79
7856,79
7857,79
7858,79
7859,79
7860,79
7861,79
7862,79
7863,79
7864,79
7865,79
7866,79
7867,79
7868,79
7869,79
7870,79
7871,79
7872,79
7873,75
7874,71
7875,67
7876,63
7877,59
7878,55
7879,51
7880,47
7881,43
7882,40
7883,37
7884,34
7885,32
7886,30
7887,28
7888,26
7889,24
7890,22
7891,20
7892,18
7893,16
7894,14
7895,12
7896,10
7897,8
7898,6
7899,4
7900,3
7901,3
7902,3
7903,3
7904,3
7905,3
7906,3
7907,3
7908,3
7909,3
7910,3
7911,3
7912,3
7913,3
7914,3
7915,3
7916,3
7917,3
7918,3
7919,3
7920,3
7921,3
7922,3
7923,3
7924,3
7925,3
7926,3
7927,3
7928,3
7929,3
7930,3
7931,3
7932,3
7933,3
7934,3
7935,3
7936,3
7937,3
7938,3
7939,3
7940,3
7941,3
7942,3
7943,3
7944,3
7945,3
7946,3
7947,3
7948,3
7949,3
7950,3
7951,3
7952,3
7953,3
7954,3
7955,3
7956,3
7957,3
7958,3
7959,3
7960,3
7961,3
7962,3
7963,3
7964,3
7965,3
7966,3
7967,3
7968,3
7969,3
7970,3
7971,3
7972,3
7973,2
7974,1
7975,35
7976,34
7977,33
7978,32
7979,31
7980,30
7981,29
7982,68
7983,66
7984,64
7985,62
7986,60
7987,58
7988,56
7989,54
7990,52
7991,50
7992,48
7993,77
7994,74
7995,71
7996,68
7997,65
7998,62
7999,59
8000,56
8001,56
8002,56
8003,56
8004,56
8005,56
8006,56
8007,56
8008,56
8009,56
8010,56
8011,56
8012,56
8013,56
8014,56
8015,56
8016,56
8017,56
8018,56
8019,56
8020,56
8021,56
8022,56
8023,56
8024,56
8025,56
8026,56
8027,56
8028,56
8029,56
8030,56
8031,56
8032,56
8033,56
8034,56
8035,56
8036,56
8037,56
8038,56
8039,56
8040,56
8041,56
8042,56
8043,56
8044,56
8045,56
8046,56
8047,56
8048,56
8049,56
8050,91
8051,91
8052,91
8053,91
8054,91
8055,91
8056,91
8057,91
8058,91
8059,91
8060,91
8061,91
8062,91
8063,91
8064,91
8065,91
8066,91
8067,91
8068,91
8069,91
8070,91
8071,91
8072,91
8073,87
8074,83
8075,79
8076,75
8077,71
8078,67
8079,63
8080,59
8081,55
8082,51
8083,48
8084,45
8085,42
8086,39
8087,36
8088,33
8089,30
8090,27
8091,24
8092,21
8093,18
8094,15
8095,13
8096,11
8097,10
8098,9
8099,8
8100,7
8101,7
8102,7
8103,7
8104,7
8105,7
8106,7
8107,7
8108,7
8109,7
8110,7
8111,7
8112,7
8113,7
8114,7
8115,7
8116,7
8117,7
8118,7
8119,7
8120,7
8121,7
8122,7
8123,7
8124,7
8125,7
8126,7
8127,7
8128,7
8129,7
8130,7
8131,7
8132,7
8133,7
8134,7
8135,7
8136,7
8137,7
8138,7
8139,7
8140,7
8141,7
8142,7
8143,7
8144,7
8145,7
8146,7
8147,7
8148,7
8149,7
8150,7
8151,7
8152,7
8153,7
8154,7
8155,7
8156,7
8157,7
8158,7
8159,7
8160,7
8161,40
8162,40
8163,40
8164,40
8165,40
8166,40
8167,40
8168,40
8169,40
8170,40
8171,40
8172,40
8173,38
8174,36
8175,34
8176,32
8177,30
8178,28
8179,26
8180,25
8181,24
8182,23
8183,22
8184,21
8185,20
8186,19
8187,18
8188,17
8189,16
8190,15
8191,14
8192,13
8193,12
8194,11
8195,10
8196,9
8197,46
8198,44
8199,42
8200,40
8201,40
8202,40
8203,40
8204,40
8205,40
8206,40
8207,40
8208,40
8209,40
8210,40
8211,40
8212,40
8213,40
8214,40
8215,40
8216,40
8217,40
8218,40
8219,40
8220,40
8221,40
8222,40
8223,40
8224,40
8225,40
8226,40
8227,40
8228,40
8229,40
8230,40
8231,40
8232,40
8233,40
8234,40
8235,40
8236,40
8237,40
8238,40
8239,40
8240,40
8241,40
8242,40
8243,40
8244,40
8245,40
8246,40
8247,40
8248,40
8249,40
8250,40
8251,40
8252,40
8253,40
8254,40
8255,40
8256,40
8257,40
8258,40
8259,40
8260,40
8261,40
8262,40
8263,40
8264,40
8265,40
8266,40
8267,40
8268,40
8269,40
8270,40
8271,40
8272,40
8273,38
8274,36
8275,34
8276,32
8277,30
8278,29
8279,28
8280,27
8281,26
8282,25
8283,24
8284,23
8285,22
8286,21
8287,20
8288,19
8289,18
8290,17
8291,16
8292,15
8293,14
8294,13
8295,12
8296,11
8297,10
8298,45
8299,43
8300,41
8301,41
8302,41
8303,41
8304,41
8305,41
8306,41
8307,41
8308,41
8309,41
8310,41
8311,41
8312,41
8313,41
8314,41
8315,41
8316,41
8317,41
8318,41
8319,41
8320,41
8321,41
8322,41
8323,41
8324,41
8325,41
8326,41
8327,41
8328,41
8329,41
8330,41
8331,41
8332,41
8333,41
8334,41
8335,41
8336,41
8337,41
8338,41
8339,41
8340,41
8341,41
8342,41
8343,41
8344,41
8345,41
8346,41
8347,41
8348,41
8349,41
8350,41
8351,41
8352,41
8353,41
8354,41
8355,41
8356,41
8357,41
8358,41
8359,41
8360,41
8361,80
8362,113
8363,113
8364,113
8365,113
8366,113
8367,152
8368,152
8369,152
8370,152
8371,152
8372,152
8373,148
8374,144
8375,140
8376,136
8377,132
8378,128
8379,124
8380,120
8381,116
8382,112
8383,108
8384,104
8385,100
8386,96
8387,92
8388,88
8389,84
8390,80
8391,76
8392,72
8393,68
8394,64
8395,97
8396,93
8397,89
8398,85
8399,81
8400,77
8401,77
8402,77
8403,77
8404,77
8405,77
8406,77
8407,77
8408,77
8409,77
8410,77
8411,77
8412,77
8413,77
8414,77
8415,77
8416,77
8417,77
8418,77
8419,77
8420,77
8421,77
8422,77
8423,77
8424,77
8425,77
8426,77
8427,77
8428,77
8429,77
8430,77
8431,77
8432,77
8433,77
8434,77
8435,77
8436,77
8437,77
8438,77
8439,77
8440,77
8441,77
8442,77
8443,77
8444,77
8445,77
8446,77
8447,77
8448,77
8449,77
8450,77
8451,116
8452,116
8453,116
8454,116
8455,116
8456,116
8457,116
8458,116
8459,116
8460,116
8461,116
8462,116
8463,116
8464,116
8465,116
8466,116
8467,116
8468,116
8469,116
8470,116
8471,116
8472,116
8473,112
8474,108
8475,104
8476,100
8477,96
8478,92
8479,88
8480,84
8481,80
8482,76
8483,72
8484,68
8485,64
8486,60
8487,56
8488,52
8489,48
8490,44
8491,42
8492,40
8493,38
8494,36
8495,34
8496,32
8497,30
8498,28
8499,26
8500,24
8501,24
8502,24
8503,24
8504,24
8505,24
8506,24
8507,24
8508,24
8509,24
8510,24
8511,24
8512,24
8513,24
8514,24
8515,24
8516,24
8517,24
8518,24
8519,24
8520,24
8521,24
8522,24
8523,24
8524,24
8525,24
8526,24
8527,24
8528,24
8529,24
8530,24
8531,24
8532,24
8533,24
8534,24
8535,24
8536,63
8537,63
8538,93
8539,124
8540,124
8541,124
8542,124
8543,124
8544,124
8545,124
8546,124
8547,124
8548,124
8549,124
8550,124
8551,124
8552,124
8553,124
8554,124
8555,124
8556,124
8557,124
8558,124
8559,124
8560,124
8561,124
8562,124
8563,124
8564,124
8565,124
8566,124
8567,124
8568,124
8569,124
8570,124
8571,124
8572,124
8573,120
8574,116
8575,112
8576,108
8577,104
8578,100
8579,96
8580,92
8581,88
8582,84
8583,80
8584,76
8585,72
8586,68
8587,64
8588,60
8589,56
8590,53
8591,50
8592,47
8593,44
8594,41
8595,38
8596,35
8597,32
8598,29
8599,26
8600,23
8601,23
8602,23
8603,23
8604,23
8605,23
8606,23
8607,23
8608,23
8609,23
8610,23
8611,23
8612,23
8613,23
8614,23
8615,23
8616,23
8617,23
8618,23
8619,23
8620,23
8621,23
8622,23
8623,23
8624,23
8625,23
8626,23
8627,23
8628,23
8629,23
8630,23
8631,23
8632,23
8633,23
8634,23
8635,23
8636,23
8637,23
8638,23
8639,23
8640,23
8641,23
8642,23
8643,23
8644,23
8645,23
8646,23
8647,23
8648,23
8649,23
8650,23
8651,23
8652,23
8653,23
8654,23
8655,23
8656,23
8657,23
8658,23
8659,23
8660,23
8661,23
8662,23
8663,23
8664,23
8665,23
8666,23
8667,63
8668,63
8669,63
8670,63
8671,63
8672,63
8673,59
8674,55
8675,51
8676,47
8677,44
8678,41
8679,39
8680,37
8681,35
8682,66
8683,63
8684,60
8685,57
8686,55
8687,53
8688,51
8689,49
8690,47
8691,45
8692,43
8693,41
8694,39
8695,37
8696,35
8697,33
8698,31
8699,29
8700,27
8701,27
8702,27
8703,27
8704,27
8705,27
8706,27
8707,27
8708,27
8709,27
8710,27
8711,27
8712,27
8713,27
8714,27
8715,27
8716,59
8717,59
8718,59
8719,59
8720,59
8721,59
8722,59
8723,59
8724,59
8725,59
8726,59
8727,59
8728,59
8729,59
8730,59
8731,59
8732,59
8733,59
8734,59
8735,59
8736,59
8737,59
8738,59
8739,59
8740,59
8741,59
8742,59
8743,59
8744,59
8745,59
8746,59
8747,59
8748,59
8749,59
8750,59
8751,59
8752,59
8753,59
8754,59
8755,59
8756,59
8757,59
8758,59
8759,59
8760,59
8761,59
8762,59
8763,59
8764,59
8765,59
8766,59
8767,59
8768,59
8769,59
8770,59
8771,59
8772,59
8773,56
8774,53
8775,50
8776,47
8777,44
8778,41
8779,38
8780,35
8781,32
8782,29
8783,26
8784,23
8785,21
8786,19
8787,17
8788,16
8789,15
8790,14
8791,13
8792,48
8793,46
8794,44
8795,42
8796,40
8797,38
8798,36
8799,34
8800,32
8801,32
8802,32
8803,32
8804,32
8805,32
8806,32
8807,32
8808,32
8809,32
8810,32
8811,32
8812,32
8813,32
8814,32
8815,32
8816,32
8817,32
8818,32
8819,32
8820,32
8821,32
8822,32
8823,32
8824,32
8825,32
8826,32
8827,32
8828,32
8829,32
8830,32
8831,32
8832,32
8833,32
8834,32
8835,32
8836,32
8837,32
8838,32
8839,32
8840,32
8841,32
8842,32
8843,32
8844,32
8845,32
8846,32
8847,32
8848,32
8849,32
8850,63
8851,63
8852,63
8853,63
8854,63
8855,63
8856,63
8857,63
8858,63
8859,63
8860,63
8861,63
8862,63
8863,63
8864,63
8865,63
8866,63
8867,63
8868,63
8869,63
8870,63
8871,63
8872,63
8873,60
8874,57
8875,54
8876,51
8877,49
8878,47
8879,45
8880,43
8881,41
8882,39
8883,37
8884,35
8885,33
8886,31
8887,29
8888,27
8889,25
8890,23
8891,21
8892,19
8893,17
8894,15
8895,44
8896,41
8897,38
8898,35
8899,32
8900,29
8901,29
8902,29
8903,69
8904,69
8905,69
8906,69
8907,69
8908,69
8909,69
8910,69
8911,69
8912,69
8913,69
8914,69
8915,69
8916,69
8917,69
8918,69
8919,69
8920,69
8921,69
8922,69
8923,69
8924,69
8925,69
8926,69
8927,69
8928,107
8929,107
8930,107
8931,107
8932,107
8933,107
8934,107
8935,107
8936,107
8937,107
8938,107
8939,107
8940,107
8941,107
8942,107
8943,107
8944,107
8945,107
8946,107
8947,107
8948,107
8949,107
8950,107
8951,107
8952,107
8953,107
8954,107
8955,107
8956,107
8957,107
8958,107
8959,107
8960,107
8961,107
8962,107
8963,107
8964,107
8965,107
8966,107
8967,107
8968,107
8969,107
8970,107
8971,107
8972,107
8973,103
8974,99
8975,95
8976,92
8977,89
8978,86
8979,83
8980,80
8981,77
8982,74
8983,71
8984,68
8985,65
8986,62
8987,59
8988,56
8989,53
8990,50
8991,47
8992,44
8993,41
8994,38
8995,35
8996,32
8997,29
8998,26
8999,24
9000,22
9001,22
9002,22
9003,22
9004,22
9005,22
9006,22
9007,22
9008,22
9009,22
9010,22
9011,22
9012,58
9013,58
9014,58
9015,58
9016,58
9017,58
9018,58
9019,58
9020,58
9021,58
9022,58
9023,58
9024,58
9025,58
9026,58
9027,58
9028,58
9029,58
9030,58
9031,58
9032,58
9033,58
9034,58
9035,58
9036,58
9037,58
9038,58
9039,58
9040,58
9041,58
9042,58
9043,58
9044,94
9045,94
9046,94
9047,94
9048,94
9049,94
9050,94
9051,94
9052,94
9053,94
9054,94
9055,94
9056,94
9057,94
9058,94
9059,94
9060,94
9061,94
9062,94
9063,94
9064,94
9065,94
9066,94
9067,94
9068,94
9069,94
9070,94
9071,94
9072,94
9073,90
9074,86
9075,82
9076,78
9077,74
9078,70
9079,66
9080,62
9081,58
9082,54
9083,51
9084,48
9085,46
9086,44
9087,42
9088,40
9089,38
9090,36
9091,34
9092,32
9093,30
9094,28
9095,26
9096,24
9097,22
9098,20
9099,18
9100,16
9101,16
9102,16
9103,16
9104,16
9105,16
9106,16
9107,16
9108,16
9109,16
9110,16
9111,16
9112,16
9113,16
9114,16
9115,16
9116,16
9117,16
9118,16
9119,16
9120,16
9121,16
9122,16
9123,16
9124,16
9125,16
9126,16
9127,16
9128,16
9129,16
9130,16
9131,16
9132,16
9133,16
9134,49
9135,49
9136,49
9137,49
9138,49
9139,49
9140,49
9141,49
9142,49
9143,49
9144,49
9145,49
9146,49
9147,49
9148,49
9149,49
9150,49
9151,49
9152,49
9153,49
9154,49
9155,49
9156,49
9157,49
9158,49
9159,49
9160,49
9161,49
9162,49
9163,49
9164,49
9165,49
9166,49
9167,49
9168,49
9169,49
9170,49
9171,49
9172,49
9173,46
9174,43
9175,40
9176,37
9177,34
9178,31
9179,28
9180,25
9181,24
9182,23
9183,22
9184,21
9185,20
9186,19
9187,18
9188,17
9189,16
9190,15
9191,14
9192,13
9193,12
9194,11
9195,10
9196,9
9197,8
9198,7
9199,6
9200,5
9201,5
9202,5
9203,5
9204,5
9205,5
9206,5
9207,5
9208,5
9209,5
9210,5
9211,5
9212,5
9213,5
9214,5
9215,5
9216,5
9217,5
9218,5
9219,5
9220,5
9221,5
9222,5
9223,5
9224,5
9225,5
9226,5
9227,5
9228,5
9229,5
9230,5
9231,5
9232,5
9233,5
9234,5
9235,5
9236,5
9237,5
9238,5
9239,5
9240,5
9241,5
9242,5
9243,5
9244,5
9245,5
9246,5
9247,5
9248,5
9249,5
9250,5
9251,5
9252,5
9253,5
9254,5
9255,5
9256,5
9257,5
9258,5
9259,5
9260,5
9261,5
9262,5
9263,5
9264,5
9265,5
9266,5
9267,5
9268,5
9269,5
9270,5
9271,5
9272,5
9273,4
9274,3
9275,2
9276,1
9277,0
9278,0
9279,0
9280,0
9281,0
9282,0
9283,0
9284,0
9285,0
9286,0
9287,0
9288,0
9289,0
9290,0
9291,0
9292,0
9293,0
9294,0
9295,0
9296,0
9297,0
9298,0
9299,0
9300,0
9301,0
9302,0
9303,38
9304,38
9305,38
9306,38
9307,38
9308,38
9309,38
9310,38
9311,38
9312,38
9313,38
9314,38
9315,38
9316,38
9317,38
9318,38
9319,38
9320,38
9321,38
9322,38
9323,38
9324,38
9325,78
9326,78
9327,78
9328,78
9329,78
9330,78
9331,78
9332,78
9333,78
9334,78
9335,78
9336,78
9337,78
9338,78
9339,115
9340,115
9341,152
9342,152
9343,152
9344,152
9345,152
9346,152
9347,152
9348,152
9349,152
9350,152
9351,152
9352,152
9353,152
9354,152
9355,152
9356,152
9357,152
9358,152
9359,152
9360,152
9361,152
9362,152
9363,152
9364,152
9365,152
9366,152
9367,152
9368,152
9369,152
9370,152
9371,152
9372,152
9373,148
9374,144
9375,140
9376,136
9377,132
9378,128
9379,124
9380,120
9381,116
9382,112
9383,108
9384,104
9385,100
9386,96
9387,126
9388,122
9389,118
9390,114
9391,110
9392,106
9393,102
9394,98
9395,94
9396,90
9397,86
9398,82
9399,78
9400,74
9401,74
9402,74
9403,74
9404,74
9405,74
9406,74
9407,74
9408,74
9409,74
9410,74
9411,74
9412,74
9413,74
9414,74
9415,74
9416,74
9417,74
9418,74
9419,74
9420,74
9421,114
9422,114
9423,114
9424,114
9425,114
9426,114
9427,114
9428,114
9429,114
9430,146
9431,146
9432,146
9433,146
9434,146
9435,146
9436,146
9437,146
9438,146
9439,146
9440,146
9441,146
9442,146
9443,146
9444,146
9445,146
9446,146
9447,146
9448,146
9449,146
9450,146
9451,146
9452,146
9453,146
9454,146
9455,146
9456,146
9457,146
9458,146
9459,146
9460,146
9461,146
9462,146
9463,146
9464,181
9465,181
9466,181
9467,181
9468,181
9469,181
9470,181
9471,181
9472,181
9473,177
9474,173
9475,169
9476,165
9477,161
9478,157
9479,153
9480,149
9481,145
9482,141
9483,137
9484,133
9485,129
9486,125
9487,121
9488,117
9489,113
9490,109
9491,105
9492,101
9493,97
9494,93
9495,89
9496,85
9497,81
9498,77
9499,112
9500,108
9501,108
9502,108
9503,108
9504,108
9505,108
9506,108
9507,108
9508,108
9509,108
9510,108
9511,108
9512,108
9513,108
9514,108
9515,108
9516,108
9517,108
9518,108
9519,108
9520,108
9521,108
9522,108
9523,141
9524,141
9525,141
9526,141
9527,141
9528,141
9529,141
9530,176
9531,176
9532,176
9533,176
9534,176
9535,176
9536,214
9537,214
9538,214
9539,214
9540,214
9541,214
9542,214
9543,214
9544,214
9545,214
9546,214
9547,214
9548,214
9549,214
9550,214
9551,214
9552,214
9553,214
9554,214
9555,214
9556,214
9557,214
9558,214
9559,214
9560,214
9561,214
9562,214
9563,214
9564,214
9565,214
9566,214
9567,214
9568,214
9569,214
9570,214
9571,214
9572,214
9573,210
9574,206
9575,202
9576,198
9577,194
9578,190
9579,186
9580,182
9581,178
9582,174
9583,170
9584,166
9585,162
9586,158
9587,154
9588,150
9589,146
9590,142
9591,138
9592,134
9593,130
9594,126
9595,122
9596,118
9597,114
9598,110
9599,106
9600,102
9601,102
9602,102
9603,102
9604,102
9605,102
9606,102
9607,102
9608,102
9609,102
9610,102
9611,102
9612,102
9613,102
9614,102
9615,102
9616,102
9617,102
9618,102
9619,102
9620,102
9621,102
9622,102
9623,102
9624,102
9625,137
9626,137
9627,137
9628,137
9629,137
9630,137
9631,137
9632,137
9633,137
9634,137
9635,137
9636,137
9637,137
9638,137
9639,137
9640,137
9641,137
9642,137
9643,137
9644,137
9645,137
9646,137
9647,137
9648,137
9649,137
9650,137
9651,137
9652,137
9653,137
9654,137
9655,137
9656,137
9657,137
9658,137
9659,137
9660,175
9661,175
9662,175
9663,175
9664,175
9665,175
9666,175
9667,175
9668,175
9669,175
9670,175
9671,175
9672,175
9673,171
9674,167
9675,163
9676,159
9677,155
9678,151
9679,147
9680,143
9681,139
9682,135
9683,131
9684,127
9685,123
9686,119
9687,115
9688,111
9689,107
9690,103
9691,99
9692,95
9693,91
9694,87
9695,83
9696,79
9697,75
9698,71
9699,67
9700,63
9701,63
9702,63
9703,63
9704,63
9705,63
9706,63
9707,63
9708,63
9709,63
9710,63
9711,63
9712,63
9713,63
9714,63
9715,63
9716,63
9717,63
9718,63
9719,63
9720,63
9721,63
9722,63
9723,63
9724,63
9725,63
9726,63
9727,63
9728,63
9729,63
9730,63
9731,63
9732,63
9733,63
9734,63
9735,63
9736,63
9737,63
9738,63
9739,63
9740,63
9741,63
9742,63
9743,63
9744,63
9745,63
9746,63
9747,63
9748,63
9749,63
9750,63
9751,63
9752,63
9753,63
9754,63
9755,63
9756,63
9757,63
9758,63
9759,63
9760,63
9761,63
9762,63
9763,63
9764,63
9765,63
9766,63
9767,63
9768,63
9769,63
9770,63
9771,63
9772,63
9773,99
9774,95
9775,91
9776,87
9777,83
9778,79
9779,75
9780,71
9781,67
9782,63
9783,59
9784,56
9785,53
9786,50
9787,47
9788,44
9789,41
9790,38
9791,35
9792,32
9793,29
9794,26
9795,24
9796,22
9797,20
9798,18
9799,17
9800,16
9801,16
9802,16
9803,16
9804,16
9805,16
9806,16
9807,16
9808,16
9809,16
9810,16
9811,16
9812,16
9813,46
9814,46
9815,46
9816,46
9817,46
9818,46
9819,46
9820,46
9821,46
9822,46
9823,46
9824,46
9825,46
9826,46
9827,46
9828,46
9829,46
9830,46
9831,46
9832,46
9833,46
9834,46
9835,46
9836,46
9837,46
9838,46
9839,46
9840,46
9841,46
9842,46
9843,46
9844,46
9845,46
9846,46
9847,46
9848,77
9849,77
9850,77
9851,77
9852,77
9853,77
9854,77
9855,77
9856,77
9857,77
9858,77
9859,77
9860,77
9861,77
9862,77
9863,77
9864,77
9865,77
9866,77
9867,77
9868,77
9869,77
9870,77
9871,77
9872,77
9873,74
9874,71
9875,68
9876,65
9877,62
9878,59
9879,56
9880,53
9881,50
9882,47
9883,44
9884,41
9885,38
9886,35
9887,32
9888,29
9889,27
9890,25
9891,23
9892,21
9893,19
9894,17
9895,15
9896,51
9897,48
9898,45
9899,42
9900,39
9901,39
9902,39
9903,39
9904,39
9905,39
9906,39
9907,39
9908,39
9909,39
9910,39
9911,39
9912,39
9913,39
9914,39
9915,39
9916,39
9917,39
9918,39
9919,39
9920,39
9921,39
9922,39
9923,39
9924,39
9925,39
9926,39
9927,39
9928,39
9929,39
9930,39
9931,39
9932,39
9933,39
9934,39
9935,39
9936,39
9937,39
9938,70
9939,70
9940,70
9941,70
9942,70
9943,70
9944,70
9945,70
9946,70
9947,70
9948,70
9949,70
9950,70
9951,70
9952,70
9953,70
9954,70
9955,70
9956,100
9957,100
9958,100
9959,100
9960,100
9961,100
9962,100
9963,100
9964,100
9965,100
9966,100
9967,100
9968,100
9969,100
9970,100
9971,100
9972,100
9973,96
9974,92
9975,88
9976,85
9977,82
9978,79
9979,76
9980,73
9981,70
9982,67
9983,64
9984,61
9985,58
9986,55
9987,52
9988,49
9989,46
9990,43
9991,40
9992,37
9993,34
9994,31
9995,28
9996,25
9997,22
9998,19
9999,16
