0,0
1,0
2,0
3,0
4,0
5,0
6,0
7,0
8,0
9,0
10,0
11,0
12,0
13,0
14,0
15,0
16,0
17,0
18,0
19,0
20,0
21,0
22,0
23,0
24,0
25,0
26,0
27,0
28,0
29,0
30,0
31,0
32,0
33,0
34,0
35,0
36,0
37,0
38,0
39,0
40,0
41,0
42,0
43,0
44,36
45,35
46,35
47,35
48,34
49,33
50,32
51,31
52,30
53,29
54,28
55,27
56,26
57,25
58,24
59,23
60,22
61,21
62,20
63,20
64,19
65,18
66,17
67,16
68,15
69,14
70,13
71,12
72,12
73,11
74,10
75,9
76,8
77,7
78,6
79,5
80,4
81,3
82,2
83,1
84,0
85,0
86,0
87,0
88,0
89,0
90,0
91,0
92,0
93,0
94,0
95,0
96,0
97,0
98,0
99,0
100,0
101,0
102,0
103,0
104,0
105,0
106,0
107,0
108,0
109,0
110,0
111,0
112,0
113,0
114,0
115,0
116,0
117,0
118,0
119,0
120,0
121,0
122,0
123,0
124,0
125,0
126,0
127,0
128,0
129,0
130,0
131,0
132,0
133,0
134,0
135,0
136,0
137,0
138,0
139,0
140,0
141,0
142,0
143,0
144,0
145,0
146,0
147,0
148,0
149,0
150,0
151,0
152,0
153,0
154,0
155,0
156,0
157,0
158,0
159,32
160,31
161,30
162,29
163,28
164,27
165,26
166,25
167,24
168,23
169,22
170,21
171,20
172,19
173,18
174,17
175,16
176,15
177,14
178,13
179,12
180,11
181,11
182,11
183,11
184,11
185,11
186,11
187,11
188,11
189,11
190,11
191,11
192,11
193,11
194,11
195,11
196,11
197,11
198,11
199,11
200,11
201,10
202,9
203,8
204,7
205,6
206,5
207,4
208,3
209,2
210,1
211,0
212,0
213,0
214,0
215,0
216,0
217,0
218,0
219,0
220,0
221,0
222,0
223,0
224,0
225,0
226,0
227,0
228,0
229,0
230,0
231,0
232,0
233,0
234,0
235,0
236,0
237,0
238,0
239,0
240,0
241,0
242,0
243,0
244,0
245,0
246,0
247,0
248,0
249,0
250,0
251,0
252,0
253,0
254,0
255,0
256,0
257,0
258,0
259,0
260,0
261,0
262,0
263,0
264,0
265,0
266,0
267,0
268,0
269,0
270,0
271,0
272,0
273,0
274,0
275,0
276,0
277,0
278,0
279,0
280,0
281,0
282,0
283,0
284,0
285,0
286,0
287,0
288,0
289,0
290,0
291,0
292,0
293,0
294,0
295,0
296,0
297,0
298,0
299,0
300,0
301,0
302,35
303,34
304,33
305,32
306,31
307,30
308,29
309,28
310,27
311,26
312,25
313,24
314,23
315,22
316,21
317,20
318,19
319,18
320,17
321,16
322,15
323,14
324,13
325,12
326,11
327,10
328,9
329,8
330,7
331,6
332,5
333,4
334,3
335,2
336,1
337,0
338,0
339,0
340,0
341,0
342,0
343,0
344,0
345,0
346,0
347,0
348,0
349,0
350,0
351,0
352,0
353,0
354,0
355,0
356,0
357,0
358,0
359,0
360,0
361,0
362,0
363,0
364,0
365,0
366,0
367,0
368,0
369,0
370,0
371,0
372,0
373,0
374,0
375,0
376,0
377,0
378,0
379,0
380,0
381,0
382,0
383,0
384,0
385,0
386,0
387,0
388,0
389,0
390,0
391,0
392,40
393,40
394,40
395,40
396,40
397,40
398,40
399,40
400,40
401,39
402,38
403,37
404,36
405,35
406,34
407,33
408,32
409,63
410,61
411,59
412,57
413,55
414,53
415,51
416,49
417,47
418,45
419,43
420,41
421,39
422,37
423,35
424,33
425,31
426,29
427,27
428,25
429,23
430,21
431,19
432,17
433,15
434,13
435,11
436,9
437,7
438,5
439,3
440,1
441,0
442,0
443,0
444,0
445,0
446,0
447,0
448,0
449,0
450,0
451,0
452,0
453,0
454,0
455,0
456,0
457,0
458,0
459,0
460,0
461,0
462,0
463,0
464,0
465,0
466,0
467,0
468,0
469,0
470,0
471,0
472,0
473,0
474,0
475,0
476,0
477,0
478,0
479,0
480,0
481,0
482,0
483,0
484,0
485,0
486,0
487,0
488,0
489,0
490,0
491,0
492,0
493,0
494,0
495,0
496,0
497,0
498,0
499,0
500,0
501,0
502,0
503,0
504,0
505,0
506,0
507,0
508,0
509,0
510,0
511,0
512,0
513,0
514,0
515,0
516,37
517,36
518,35
519,34
520,33
521,32
522,31
523,30
524,29
525,28
526,27
527,26
528,25
529,24
530,54
531,53
532,52
533,51
534,50
535,49
536,48
537,47
538,46
539,45
540,44
541,43
542,42
543,41
544,40
545,39
546,38
547,37
548,36
549,35
550,34
551,33
552,32
553,31
554,30
555,68
556,67
557,66
558,65
559,64
560,63
561,62
562,61
563,60
564,59
565,58
566,57
567,56
568,55
569,54
570,53
571,52
572,51
573,50
574,49
575,48
576,47
577,46
578,45
579,44
580,43
581,43
582,43
583,43
584,43
585,43
586,43
587,43
588,43
589,43
590,43
591,43
592,43
593,43
594,43
595,43
596,43
597,43
598,43
599,43
600,43
601,40
602,37
603,35
604,33
605,31
606,29
607,27
608,25
609,23
610,21
611,20
612,19
613,18
614,17
615,16
616,15
617,14
618,13
619,12
620,11
621,43
622,41
623,39
624,37
625,35
626,69
627,66
628,63
629,60
630,57
631,54
632,52
633,50
634,48
635,46
636,44
637,42
638,40
639,38
640,36
641,34
642,32
643,30
644,28
645,26
646,24
647,22
648,20
649,18
650,16
651,14
652,12
653,10
654,8
655,7
656,6
657,5
658,4
659,3
660,2
661,1
662,0
663,0
664,0
665,0
666,0
667,0
668,0
669,0
670,0
671,0
672,0
673,0
674,0
675,0
676,0
677,0
678,0
679,0
680,0
681,0
682,0
683,0
684,0
685,0
686,0
687,0
688,0
689,0
690,0
691,0
692,0
693,0
694,0
695,0
696,0
697,0
698,0
699,0
700,0
701,0
702,0
703,0
704,0
705,0
706,0
707,0
708,0
709,0
710,0
711,0
712,0
713,0
714,0
715,0
716,0
717,0
718,0
719,0
720,0
721,0
722,0
723,0
724,0
725,0
726,0
727,0
728,0
729,0
730,0
731,0
732,0
733,0
734,0
735,0
736,0
737,0
738,0
739,0
740,0
741,0
742,0
743,0
744,0
745,0
746,0
747,0
748,0
749,0
750,0
751,0
752,0
753,0
754,0
755,0
756,0
757,0
758,0
759,0
760,0
761,0
762,0
763,0
764,0
765,0
766,0
767,0
768,0
769,0
770,0
771,0
772,0
773,0
774,0
775,0
776,0
777,0
778,0
779,0
780,0
781,0
782,0
783,0
784,0
785,0
786,0
787,0
788,0
789,0
790,0
791,0
792,0
793,0
794,0
795,0
796,0
797,0
798,0
799,0
800,0
801,0
802,0
803,0
804,0
805,0
806,0
807,0
808,0
809,0
810,0
811,0
812,0
813,0
814,0
815,0
816,0
817,0
818,0
819,0
820,0
821,0
822,0
823,0
824,0
825,0
826,0
827,0
828,0
829,0
830,0
831,0
832,0
833,0
834,0
835,0
836,0
837,0
838,0
839,0
840,0
841,0
842,0
843,0
844,0
845,0
846,0
847,0
848,0
849,0
850,0
851,0
852,0
853,0
854,0
855,0
856,0
857,0
858,0
859,0
860,0
861,0
862,0
863,0
864,0
865,0
866,0
867,0
868,0
869,0
870,0
871,0
872,0
873,0
874,0
875,0
876,0
877,0
878,0
879,0
880,0
881,0
882,0
883,0
884,0
885,0
886,0
887,0
888,0
889,0
890,0
891,0
892,0
893,0
894,0
895,0
896,0
897,0
898,0
899,0
900,0
901,0
902,0
903,0
904,0
905,0
906,0
907,0
908,0
909,0
910,0
911,0
912,0
913,0
914,0
915,0
916,0
917,0
918,0
919,0
920,0
921,0
922,0
923,0
924,0
925,0
926,0
927,0
928,0
929,0
930,0
931,0
932,0
933,0
934,0
935,0
936,0
937,0
938,0
939,0
940,0
941,0
942,0
943,0
944,0
945,0
946,0
947,0
948,0
949,38
950,37
951,36
952,35
953,34
954,33
955,32
956,31
957,30
958,29
959,28
960,27
961,26
962,25
963,24
964,23
965,22
966,21
967,20
968,19
969,18
970,17
971,16
972,15
973,14
974,13
975,12
976,11
977,10
978,9
979,8
980,7
981,7
982,7
983,7
984,7
985,7
986,7
987,7
988,7
989,7
990,7
991,7
992,7
993,7
994,7
995,7
996,7
997,7
998,7
999,7
1000,7
1001,6
1002,5
1003,4
1004,3
1005,2
1006,1
1007,0
1008,0
1009,0
1010,0
1011,0
1012,0
1013,0
1014,0
1015,0
1016,0
1017,0
1018,0
1019,0
1020,0
1021,0
1022,0
1023,0
1024,0
1025,0
1026,0
1027,0
1028,0
1029,0
1030,0
1031,0
1032,0
1033,0
1034,0
1035,0
1036,0
1037,0
1038,0
1039,0
1040,0
1041,0
1042,0
1043,0
1044,0
1045,0
1046,0
1047,0
1048,0
1049,0
1050,0
1051,33
1052,32
1053,31
1054,30
1055,29
1056,28
1057,27
1058,26
1059,25
1060,24
1061,23
1062,22
1063,21
1064,20
1065,19
1066,18
1067,17
1068,52
1069,50
1070,48
1071,46
1072,44
1073,42
1074,40
1075,38
1076,36
1077,34
1078,32
1079,30
1080,28
1081,28
1082,28
1083,28
1084,28
1085,28
1086,28
1087,28
1088,28
1089,28
1090,28
1091,28
1092,28
1093,28
1094,28
1095,28
1096,28
1097,28
1098,28
1099,28
1100,28
1101,26
1102,24
1103,22
1104,20
1105,19
1106,18
1107,17
1108,16
1109,15
1110,14
1111,13
1112,12
1113,11
1114,10
1115,9
1116,8
1117,7
1118,6
1119,5
1120,4
1121,3
1122,2
1123,1
1124,0
1125,0
1126,0
1127,0
1128,0
1129,0
1130,0
1131,0
1132,0
1133,0
1134,0
1135,0
1136,0
1137,0
1138,0
1139,0
1140,0
1141,0
1142,0
1143,0
1144,0
1145,0
1146,0
1147,0
1148,0
1149,0
1150,0
1151,0
1152,0
1153,0
1154,0
1155,0
1156,0
1157,0
1158,0
1159,0
1160,0
1161,0
1162,0
1163,0
1164,0
1165,0
1166,0
1167,0
1168,0
1169,0
1170,0
1171,0
1172,0
1173,0
1174,0
1175,0
1176,0
1177,0
1178,0
1179,0
1180,0
1181,0
1182,0
1183,0
1184,0
1185,0
1186,0
1187,0
1188,0
1189,0
1190,0
1191,0
1192,0
1193,0
1194,0
1195,0
1196,0
1197,0
1198,0
1199,0
1200,0
1201,0
1202,0
1203,0
1204,0
1205,0
1206,0
1207,0
1208,0
1209,0
1210,0
1211,0
1212,0
1213,0
1214,0
1215,0
1216,0
1217,0
1218,0
1219,0
1220,0
1221,0
1222,0
1223,0
1224,0
1225,0
1226,0
1227,0
1228,0
1229,0
1230,0
1231,0
1232,0
1233,0
1234,0
1235,0
1236,0
1237,0
1238,0
1239,0
1240,0
1241,0
1242,0
1243,0
1244,0
1245,0
1246,0
1247,0
1248,0
1249,0
1250,0
1251,0
1252,0
1253,0
1254,0
1255,0
1256,0
1257,0
1258,0
1259,0
1260,0
1261,0
1262,0
1263,0
1264,0
1265,0
1266,0
1267,0
1268,0
1269,0
1270,0
1271,0
1272,0
1273,0
1274,0
1275,0
1276,0
1277,0
1278,0
1279,0
1280,0
1281,0
1282,0
1283,0
1284,0
1285,0
1286,0
1287,0
1288,0
1289,0
1290,0
1291,0
1292,0
1293,0
1294,0
1295,0
1296,0
1297,0
1298,0
1299,0
1300,0
1301,0
1302,0
1303,0
1304,0
1305,0
1306,0
1307,0
1308,0
1309,0
1310,0
1311,0
1312,0
1313,0
1314,0
1315,0
1316,0
1317,0
1318,0
1319,0
1320,0
1321,0
1322,0
1323,0
1324,0
1325,0
1326,0
1327,0
1328,0
1329,0
1330,0
1331,0
1332,0
1333,0
1334,0
1335,0
1336,0
1337,0
1338,0
1339,0
1340,0
1341,0
1342,0
1343,0
1344,0
1345,0
1346,0
1347,0
1348,0
1349,0
1350,0
1351,0
1352,0
1353,0
1354,0
1355,0
1356,0
1357,0
1358,0
1359,0
1360,0
1361,0
1362,0
1363,0
1364,0
1365,0
1366,0
1367,0
1368,0
1369,0
1370,0
1371,0
1372,0
1373,0
1374,0
1375,0
1376,0
1377,0
1378,0
1379,0
1380,0
1381,0
1382,0
1383,0
1384,0
1385,0
1386,0
1387,0
1388,0
1389,0
1390,0
1391,0
1392,0
1393,0
1394,0
1395,0
1396,0
1397,0
1398,0
1399,0
1400,0
1401,0
1402,0
1403,0
1404,0
1405,0
1406,0
1407,0
1408,0
1409,31
1410,30
1411,29
1412,28
1413,27
1414,26
1415,25
1416,24
1417,23
1418,22
1419,21
1420,20
1421,19
1422,18
1423,17
1424,16
1425,15
1426,14
1427,13
1428,12
1429,11
1430,10
1431,9
1432,8
1433,7
1434,6
1435,5
1436,4
1437,3
1438,2
1439,1
1440,0
1441,0
1442,0
1443,0
1444,0
1445,0
1446,0
1447,0
1448,0
1449,0
1450,0
1451,0
1452,0
1453,0
1454,0
1455,0
1456,0
1457,35
1458,34
1459,33
1460,32
1461,31
1462,30
1463,29
1464,28
1465,27
1466,26
1467,25
1468,24
1469,23
1470,22
1471,21
1472,20
1473,19
1474,18
1475,17
1476,16
1477,15
1478,14
1479,13
1480,12
1481,12
1482,12
1483,12
1484,12
1485,12
1486,12
1487,12
1488,12
1489,12
1490,12
1491,12
1492,12
1493,12
1494,12
1495,12
1496,12
1497,12
1498,12
1499,12
1500,12
1501,11
1502,10
1503,9
1504,8
1505,7
1506,6
1507,5
1508,4
1509,3
1510,2
1511,1
1512,0
1513,0
1514,0
1515,0
1516,0
1517,0
1518,0
1519,0
1520,0
1521,0
1522,0
1523,0
1524,0
1525,0
1526,0
1527,0
1528,0
1529,0
1530,0
1531,0
1532,0
1533,0
1534,33
1535,32
1536,31
1537,30
1538,29
1539,28
1540,27
1541,26
1542,25
1543,24
1544,23
1545,22
1546,21
1547,20
1548,19
1549,18
1550,17
1551,16
1552,15
1553,14
1554,13
1555,12
1556,11
1557,10
1558,9
1559,8
1560,7
1561,6
1562,5
1563,4
1564,3
1565,2
1566,1
1567,0
1568,0
1569,0
1570,0
1571,0
1572,0
1573,0
1574,0
1575,0
1576,0
1577,0
1578,0
1579,0
1580,0
1581,0
1582,0
1583,0
1584,0
1585,0
1586,0
1587,0
1588,0
1589,0
1590,0
1591,0
1592,0
1593,0
1594,0
1595,0
1596,0
1597,0
1598,0
1599,0
1600,0
1601,0
1602,0
1603,0
1604,0
1605,0
1606,0
1607,0
1608,0
1609,0
1610,0
1611,0
1612,0
1613,0
1614,0
1615,0
1616,0
1617,0
1618,0
1619,0
1620,0
1621,0
1622,0
1623,0
1624,0
1625,0
1626,0
1627,0
1628,0
1629,0
1630,0
1631,0
1632,0
1633,0
1634,0
1635,0
1636,0
1637,0
1638,0
1639,0
1640,0
1641,0
1642,0
1643,0
1644,0
1645,0
1646,0
1647,0
1648,0
1649,0
1650,0
1651,0
1652,0
1653,0
1654,0
1655,0
1656,0
1657,0
1658,0
1659,0
1660,0
1661,0
1662,0
1663,0
1664,0
1665,0
1666,0
1667,0
1668,0
1669,0
1670,0
1671,0
1672,0
1673,0
1674,0
1675,0
1676,0
1677,0
1678,0
1679,0
1680,0
1681,0
1682,0
1683,0
1684,0
1685,0
1686,0
1687,0
1688,0
1689,0
1690,0
1691,0
1692,0
1693,0
1694,0
1695,0
1696,0
1697,0
1698,0
1699,0
1700,0
1701,0
1702,0
1703,0
1704,0
1705,0
1706,0
1707,0
1708,0
1709,0
1710,0
1711,0
1712,0
1713,0
1714,0
1715,0
1716,0
1717,0
1718,0
1719,0
1720,0
1721,0
1722,0
1723,0
1724,0
1725,0
1726,34
1727,33
1728,32
1729,31
1730,30
1731,29
1732,28
1733,27
1734,26
1735,25
1736,24
1737,23
1738,22
1739,21
1740,20
1741,19
1742,18
1743,17
1744,16
1745,15
1746,14
1747,13
1748,12
1749,11
1750,10
1751,9
1752,8
1753,7
1754,6
1755,5
1756,4
1757,3
1758,2
1759,1
1760,0
1761,0
1762,0
1763,0
1764,0
1765,0
1766,0
1767,0
1768,0
1769,0
1770,0
1771,0
1772,0
1773,0
1774,0
1775,0
1776,0
1777,0
1778,0
1779,0
1780,0
1781,0
1782,0
1783,0
1784,0
1785,0
1786,0
1787,0
1788,0
1789,0
1790,0
1791,0
1792,0
1793,0
1794,0
1795,0
1796,0
1797,0
1798,0
1799,0
1800,0
1801,0
1802,0
1803,0
1804,0
1805,0
1806,0
1807,0
1808,0
1809,0
1810,0
1811,0
1812,0
1813,0
1814,0
1815,0
1816,0
1817,0
1818,0
1819,0
1820,0
1821,0
1822,0
1823,0
1824,0
1825,0
1826,0
1827,0
1828,0
1829,0
1830,0
1831,0
1832,0
1833,0
1834,0
1835,0
1836,0
1837,0
1838,0
1839,0
1840,0
1841,0
1842,0
1843,0
1844,0
1845,0
1846,0
1847,0
1848,0
1849,0
1850,0
1851,0
1852,0
1853,0
1854,0
1855,0
1856,0
1857,0
1858,0
1859,0
1860,0
1861,0
1862,0
1863,0
1864,0
1865,0
1866,0
1867,0
1868,0
1869,0
1870,0
1871,0
1872,0
1873,0
1874,0
1875,0
1876,0
1877,0
1878,0
1879,0
1880,0
1881,0
1882,0
1883,0
1884,0
1885,0
1886,0
1887,0
1888,0
1889,0
1890,0
1891,0
1892,0
1893,0
1894,0
1895,0
1896,0
1897,0
1898,0
1899,0
1900,0
1901,0
1902,0
1903,0
1904,0
1905,0
1906,0
1907,0
1908,0
1909,0
1910,0
1911,0
1912,0
1913,0
1914,0
1915,0
1916,0
1917,0
1918,0
1919,0
1920,0
1921,0
1922,0
1923,0
1924,0
1925,0
1926,0
1927,0
1928,0
1929,0
1930,0
1931,0
1932,0
1933,0
1934,0
1935,0
1936,0
1937,0
1938,0
1939,0
1940,0
1941,0
1942,0
1943,0
1944,0
1945,0
1946,0
1947,0
1948,0
1949,0
1950,0
1951,0
1952,0
1953,0
1954,0
1955,0
1956,0
1957,0
1958,0
1959,0
1960,0
1961,0
1962,0
1963,0
1964,0
1965,0
1966,0
1967,0
1968,0
1969,0
1970,0
1971,0
1972,0
1973,0
1974,0
1975,0
1976,0
1977,0
1978,0
1979,0
1980,0
1981,0
1982,0
1983,0
1984,0
1985,0
1986,0
1987,0
1988,0
1989,0
1990,0
1991,0
1992,0
1993,0
1994,0
1995,0
1996,0
1997,0
1998,0
1999,0
2000,0
2001,0
2002,0
2003,0
2004,0
2005,0
2006,0
2007,0
2008,0
2009,0
2010,0
2011,0
2012,0
2013,0
2014,0
2015,0
2016,0
2017,0
2018,0
2019,0
2020,0
2021,0
2022,0
2023,0
2024,0
2025,0
2026,0
2027,0
2028,0
2029,0
2030,0
2031,0
2032,0
2033,0
2034,0
2035,0
2036,0
2037,0
2038,0
2039,0
2040,0
2041,0
2042,0
2043,0
2044,0
2045,0
2046,0
2047,0
2048,0
2049,0
2050,0
2051,0
2052,0
2053,0
2054,0
2055,0
2056,0
2057,0
2058,0
2059,0
2060,0
2061,0
2062,0
2063,0
2064,0
2065,0
2066,0
2067,0
2068,0
2069,0
2070,0
2071,0
2072,0
2073,0
2074,0
2075,0
2076,0
2077,0
2078,0
2079,0
2080,0
2081,0
2082,0
2083,0
2084,0
2085,0
2086,0
2087,0
2088,0
2089,0
2090,0
2091,0
2092,0
2093,0
2094,0
2095,0
2096,0
2097,0
2098,0
2099,0
2100,0
2101,0
2102,0
2103,0
2104,0
2105,0
2106,0
2107,0
2108,0
2109,0
2110,0
2111,0
2112,0
2113,0
2114,0
2115,0
2116,0
2117,0
2118,0
2119,0
2120,0
2121,0
2122,0
2123,0
2124,0
2125,0
2126,0
2127,0
2128,0
2129,0
2130,0
2131,0
2132,0
2133,0
2134,0
2135,0
2136,0
2137,0
2138,0
2139,0
2140,0
2141,0
2142,0
2143,0
2144,0
2145,0
2146,0
2147,0
2148,0
2149,0
2150,0
2151,0
2152,0
2153,0
2154,0
2155,0
2156,0
2157,0
2158,0
2159,0
2160,0
2161,0
2162,0
2163,0
2164,0
2165,0
2166,0
2167,0
2168,0
2169,0
2170,0
2171,0
2172,0
2173,0
2174,0
2175,0
2176,0
2177,0
2178,0
2179,0
2180,0
2181,0
2182,0
2183,0
2184,0
2185,0
2186,0
2187,0
2188,0
2189,0
2190,0
2191,0
2192,0
2193,0
2194,0
2195,0
2196,0
2197,0
2198,0
2199,0
2200,0
2201,0
2202,0
2203,0
2204,0
2205,0
2206,0
2207,0
2208,0
2209,0
2210,0
2211,0
2212,0
2213,0
2214,0
2215,0
2216,0
2217,0
2218,0
2219,0
2220,0
2221,0
2222,0
2223,0
2224,0
2225,0
2226,0
2227,0
2228,0
2229,0
2230,0
2231,0
2232,0
2233,0
2234,0
2235,0
2236,0
2237,0
2238,0
2239,0
2240,0
2241,0
2242,0
2243,0
2244,0
2245,0
2246,0
2247,0
2248,0
2249,0
2250,0
2251,0
2252,0
2253,0
2254,0
2255,0
2256,0
2257,0
2258,0
2259,0
2260,0
2261,0
2262,0
2263,0
2264,0
2265,0
2266,0
2267,0
2268,0
2269,0
2270,0
2271,0
2272,0
2273,0
2274,0
2275,0
2276,0
2277,0
2278,0
2279,0
2280,0
2281,0
2282,0
2283,0
2284,0
2285,0
2286,0
2287,0
2288,0
2289,0
2290,0
2291,0
2292,0
2293,0
2294,0
2295,0
2296,0
2297,0
2298,0
2299,0
2300,0
2301,0
2302,32
2303,31
2304,30
2305,29
2306,28
2307,27
2308,26
2309,25
2310,24
2311,23
2312,22
2313,21
2314,20
2315,19
2316,18
2317,17
2318,16
2319,15
2320,52
2321,51
2322,50
2323,49
2324,48
2325,47
2326,46
2327,45
2328,44
2329,43
2330,42
2331,41
2332,40
2333,39
2334,38
2335,37
2336,36
2337,35
2338,34
2339,33
2340,32
2341,31
2342,30
2343,29
2344,28
2345,27
2346,26
2347,25
2348,24
2349,23
2350,22
2351,21
2352,20
2353,19
2354,18
2355,17
2356,16
2357,15
2358,14
2359,13
2360,12
2361,11
2362,10
2363,9
2364,8
2365,7
2366,6
2367,5
2368,4
2369,3
2370,2
2371,1
2372,0
2373,0
2374,0
2375,0
2376,0
2377,0
2378,0
2379,0
2380,0
2381,0
2382,0
2383,0
2384,0
2385,0
2386,0
2387,0
2388,0
2389,0
2390,0
2391,0
2392,0
2393,0
2394,0
2395,0
2396,0
2397,0
2398,0
2399,0
2400,0
2401,0
2402,0
2403,0
2404,0
2405,0
2406,0
2407,0
2408,0
2409,0
2410,0
2411,0
2412,0
2413,0
2414,0
2415,0
2416,0
2417,0
2418,0
2419,0
2420,0
2421,0
2422,0
2423,0
2424,0
2425,0
2426,0
2427,0
2428,0
2429,0
2430,0
2431,0
2432,0
2433,0
2434,0
2435,0
2436,0
2437,0
2438,0
2439,0
2440,0
2441,0
2442,37
2443,36
2444,35
2445,34
2446,33
2447,32
2448,31
2449,30
2450,29
2451,28
2452,27
2453,26
2454,25
2455,24
2456,23
2457,22
2458,21
2459,20
2460,19
2461,18
2462,17
2463,16
2464,15
2465,14
2466,13
2467,12
2468,11
2469,10
2470,9
2471,8
2472,7
2473,6
2474,5
2475,4
2476,3
2477,2
2478,1
2479,0
2480,0
2481,0
2482,0
2483,0
2484,0
2485,0
2486,0
2487,0
2488,0
2489,0
2490,0
2491,0
2492,0
2493,0
2494,0
2495,34
2496,34
2497,34
2498,34
2499,34
2500,34
2501,33
2502,32
2503,31
2504,30
2505,29
2506,28
2507,27
2508,26
2509,25
2510,24
2511,23
2512,22
2513,21
2514,20
2515,19
2516,18
2517,17
2518,16
2519,15
2520,14
2521,13
2522,12
2523,11
2524,10
2525,9
2526,8
2527,7
2528,6
2529,5
2530,4
2531,3
2532,2
2533,1
2534,0
2535,0
2536,0
2537,0
2538,0
2539,0
2540,0
2541,0
2542,0
2543,0
2544,0
2545,0
2546,0
2547,0
2548,0
2549,0
2550,0
2551,0
2552,0
2553,0
2554,0
2555,0
2556,0
2557,0
2558,0
2559,0
2560,0
2561,0
2562,0
2563,0
2564,0
2565,0
2566,0
2567,0
2568,0
2569,0
2570,0
2571,0
2572,0
2573,0
2574,0
2575,0
2576,0
2577,0
2578,0
2579,0
2580,0
2581,0
2582,0
2583,0
2584,0
2585,0
2586,0
2587,0
2588,0
2589,0
2590,0
2591,0
2592,0
2593,0
2594,0
2595,0
2596,0
2597,0
2598,0
2599,0
2600,0
2601,0
2602,0
2603,0
2604,0
2605,0
2606,0
2607,0
2608,0
2609,0
2610,0
2611,0
2612,0
2613,0
2614,0
2615,0
2616,0
2617,0
2618,0
2619,0
2620,0
2621,0
2622,0
2623,0
2624,0
2625,0
2626,0
2627,0
2628,0
2629,0
2630,0
2631,0
2632,0
2633,0
2634,0
2635,0
2636,0
2637,0
2638,0
2639,0
2640,0
2641,0
2642,0
2643,0
2644,0
2645,0
2646,0
2647,0
2648,0
2649,0
2650,0
2651,0
2652,0
2653,0
2654,0
2655,0
2656,0
2657,0
2658,0
2659,0
2660,0
2661,0
2662,0
2663,0
2664,0
2665,0
2666,0
2667,0
2668,0
2669,0
2670,0
2671,0
2672,0
2673,0
2674,0
2675,0
2676,0
2677,0
2678,0
2679,0
2680,0
2681,0
2682,0
2683,0
2684,0
2685,0
2686,0
2687,0
2688,0
2689,0
2690,0
2691,0
2692,0
2693,0
2694,0
2695,0
2696,0
2697,0
2698,0
2699,0
2700,0
2701,0
2702,0
2703,0
2704,0
2705,0
2706,0
2707,0
2708,0
2709,0
2710,0
2711,0
2712,0
2713,0
2714,0
2715,0
2716,0
2717,0
2718,0
2719,0
2720,0
2721,0
2722,0
2723,0
2724,0
2725,0
2726,0
2727,0
2728,0
2729,0
2730,0
2731,0
2732,0
2733,0
2734,0
2735,0
2736,0
2737,0
2738,0
2739,0
2740,0
2741,0
2742,0
2743,0
2744,0
2745,0
2746,0
2747,0
2748,0
2749,0
2750,0
2751,0
2752,0
2753,0
2754,0
2755,0
2756,0
2757,0
2758,0
2759,0
2760,0
2761,0
2762,0
2763,0
2764,0
2765,0
2766,0
2767,0
2768,0
2769,0
2770,0
2771,0
2772,0
2773,0
2774,0
2775,0
2776,0
2777,0
2778,0
2779,0
2780,0
2781,0
2782,0
2783,0
2784,0
2785,39
2786,39
2787,39
2788,39
2789,39
2790,39
2791,39
2792,39
2793,39
2794,39
2795,39
2796,39
2797,39
2798,39
2799,39
2800,39
2801,38
2802,37
2803,36
2804,35
2805,34
2806,33
2807,70
2808,68
2809,66
2810,64
2811,62
2812,60
2813,58
2814,56
2815,54
2816,52
2817,50
2818,48
2819,46
2820,44
2821,42
2822,40
2823,38
2824,36
2825,34
2826,32
2827,30
2828,28
2829,26
2830,24
2831,22
2832,20
2833,18
2834,16
2835,14
2836,12
2837,10
2838,8
2839,6
2840,5
2841,4
2842,3
2843,2
2844,1
2845,0
2846,0
2847,0
2848,0
2849,0
2850,0
2851,0
2852,0
2853,0
2854,0
2855,0
2856,0
2857,0
2858,0
2859,0
2860,0
2861,0
2862,0
2863,0
2864,0
2865,0
2866,0
2867,0
2868,0
2869,0
2870,0
2871,0
2872,0
2873,0
2874,0
2875,0
2876,0
2877,0
2878,0
2879,0
2880,0
2881,0
2882,0
2883,0
2884,0
2885,0
2886,0
2887,0
2888,0
2889,0
2890,0
2891,0
2892,0
2893,0
2894,0
2895,0
2896,0
2897,0
2898,0
2899,0
2900,0
2901,0
2902,0
2903,0
2904,0
2905,0
2906,0
2907,0
2908,0
2909,0
2910,0
2911,0
2912,0
2913,0
2914,0
2915,0
2916,0
2917,0
2918,0
2919,0
2920,0
2921,0
2922,0
2923,0
2924,0
2925,0
2926,0
2927,0
2928,0
2929,0
2930,0
2931,0
2932,0
2933,0
2934,0
2935,0
2936,0
2937,0
2938,0
2939,0
2940,0
2941,0
2942,0
2943,0
2944,0
2945,0
2946,0
2947,0
2948,0
2949,0
2950,0
2951,0
2952,0
2953,0
2954,0
2955,0
2956,0
2957,0
2958,0
2959,0
2960,0
2961,0
2962,0
2963,0
2964,0
2965,0
2966,0
2967,0
2968,0
2969,0
2970,0
2971,0
2972,0
2973,0
2974,0
2975,0
2976,0
2977,0
2978,0
2979,0
2980,0
2981,0
2982,0
2983,0
2984,0
2985,0
2986,0
2987,0
2988,0
2989,0
2990,0
2991,0
2992,0
2993,0
2994,0
2995,0
2996,0
2997,0
2998,0
2999,0
3000,0
3001,0
3002,0
3003,0
3004,0
3005,0
3006,0
3007,0
3008,0
3009,0
3010,0
3011,0
3012,0
3013,0
3014,0
3015,0
3016,0
3017,0
3018,0
3019,0
3020,0
3021,0
3022,0
3023,0
3024,0
3025,0
3026,0
3027,0
3028,0
3029,0
3030,0
3031,0
3032,0
3033,0
3034,0
3035,0
3036,0
3037,0
3038,0
3039,0
3040,0
3041,0
3042,0
3043,0
3044,0
3045,0
3046,0
3047,0
3048,0
3049,0
3050,0
3051,0
3052,0
3053,0
3054,0
3055,0
3056,0
3057,0
3058,0
3059,0
3060,0
3061,0
3062,0
3063,0
3064,0
3065,0
3066,0
3067,0
3068,0
3069,0
3070,34
3071,33
3072,32
3073,31
3074,30
3075,29
3076,28
3077,27
3078,26
3079,25
3080,24
3081,24
3082,24
3083,24
3084,24
3085,24
3086,24
3087,24
3088,24
3089,24
3090,24
3091,24
3092,24
3093,24
3094,24
3095,24
3096,24
3097,24
3098,24
3099,24
3100,24
3101,23
3102,22
3103,21
3104,20
3105,19
3106,18
3107,17
3108,16
3109,15
3110,14
3111,13
3112,12
3113,11
3114,10
3115,9
3116,8
3117,7
3118,6
3119,5
3120,4
3121,3
3122,2
3123,1
3124,0
3125,0
3126,0
3127,0
3128,0
3129,0
3130,0
3131,0
3132,0
3133,0
3134,0
3135,0
3136,0
3137,0
3138,0
3139,0
3140,0
3141,0
3142,0
3143,0
3144,0
3145,0
3146,0
3147,0
3148,0
3149,0
3150,0
3151,0
3152,0
3153,0
3154,0
3155,0
3156,0
3157,0
3158,0
3159,0
3160,0
3161,0
3162,0
3163,37
3164,36
3165,35
3166,34
3167,33
3168,32
3169,31
3170,30
3171,29
3172,28
3173,27
3174,26
3175,25
3176,24
3177,23
3178,22
3179,21
3180,20
3181,20
3182,20
3183,20
3184,20
3185,20
3186,20
3187,20
3188,20
3189,20
3190,20
3191,20
3192,20
3193,20
3194,20
3195,20
3196,20
3197,20
3198,20
3199,20
3200,20
3201,19
3202,18
3203,17
3204,16
3205,15
3206,14
3207,44
3208,42
3209,40
3210,38
3211,36
3212,34
3213,32
3214,30
3215,28
3216,26
3217,24
3218,22
3219,20
3220,18
3221,17
3222,16
3223,15
3224,14
3225,13
3226,12
3227,11
3228,10
3229,9
3230,8
3231,7
3232,6
3233,5
3234,4
3235,3
3236,2
3237,1
3238,0
3239,0
3240,0
3241,0
3242,0
3243,0
3244,0
3245,0
3246,0
3247,0
3248,0
3249,0
3250,0
3251,0
3252,0
3253,0
3254,0
3255,0
3256,0
3257,0
3258,0
3259,0
3260,0
3261,0
3262,0
3263,0
3264,0
3265,0
3266,0
3267,0
3268,0
3269,0
3270,0
3271,0
3272,0
3273,0
3274,0
3275,0
3276,0
3277,0
3278,0
3279,0
3280,0
3281,0
3282,0
3283,0
3284,0
3285,0
3286,0
3287,0
3288,0
3289,0
3290,0
3291,0
3292,0
3293,0
3294,0
3295,0
3296,0
3297,0
3298,0
3299,0
3300,0
3301,30
3302,29
3303,28
3304,27
3305,26
3306,25
3307,24
3308,23
3309,22
3310,21
3311,20
3312,19
3313,18
3314,17
3315,16
3316,15
3317,14
3318,13
3319,12
3320,11
3321,10
3322,9
3323,8
3324,7
3325,6
3326,5
3327,4
3328,3
3329,2
3330,1
3331,0
3332,0
3333,0
3334,0
3335,0
3336,0
3337,0
3338,0
3339,0
3340,0
3341,0
3342,0
3343,0
3344,0
3345,0
3346,0
3347,0
3348,0
3349,0
3350,0
3351,0
3352,0
3353,0
3354,0
3355,0
3356,0
3357,0
3358,0
3359,0
3360,0
3361,0
3362,0
3363,0
3364,0
3365,0
3366,0
3367,0
3368,0
3369,0
3370,0
3371,0
3372,0
3373,0
3374,0
3375,0
3376,0
3377,0
3378,0
3379,0
3380,0
3381,0
3382,0
3383,0
3384,0
3385,0
3386,0
3387,0
3388,0
3389,0
3390,0
3391,0
3392,0
3393,0
3394,0
3395,0
3396,0
3397,0
3398,36
3399,36
3400,36
3401,35
3402,34
3403,33
3404,32
3405,31
3406,30
3407,29
3408,28
3409,27
3410,26
3411,25
3412,24
3413,23
3414,22
3415,21
3416,20
3417,19
3418,18
3419,17
3420,16
3421,15
3422,14
3423,13
3424,12
3425,11
3426,10
3427,9
3428,8
3429,7
3430,6
3431,5
3432,4
3433,3
3434,2
3435,1
3436,0
3437,0
3438,0
3439,0
3440,0
3441,0
3442,0
3443,0
3444,0
3445,0
3446,0
3447,0
3448,0
3449,0
3450,0
3451,0
3452,0
3453,0
3454,0
3455,0
3456,0
3457,0
3458,0
3459,0
3460,0
3461,0
3462,0
3463,0
3464,0
3465,0
3466,0
3467,0
3468,0
3469,0
3470,0
3471,0
3472,0
3473,0
3474,0
3475,0
3476,0
3477,0
3478,0
3479,0
3480,0
3481,0
3482,0
3483,0
3484,0
3485,0
3486,0
3487,0
3488,0
3489,0
3490,0
3491,0
3492,0
3493,0
3494,0
3495,0
3496,0
3497,0
3498,0
3499,0
3500,0
3501,0
3502,0
3503,0
3504,0
3505,0
3506,0
3507,0
3508,0
3509,0
3510,0
3511,37
3512,36
3513,35
3514,34
3515,33
3516,32
3517,31
3518,30
3519,29
3520,28
3521,27
3522,26
3523,25
3524,24
3525,23
3526,22
3527,21
3528,20
3529,19
3530,18
3531,17
3532,16
3533,15
3534,14
3535,13
3536,12
3537,11
3538,10
3539,9
3540,8
3541,7
3542,6
3543,5
3544,4
3545,3
3546,2
3547,1
3548,0
3549,0
3550,0
3551,0
3552,0
3553,0
3554,0
3555,0
3556,0
3557,0
3558,0
3559,0
3560,0
3561,0
3562,0
3563,0
3564,0
3565,0
3566,0
3567,0
3568,0
3569,0
3570,0
3571,0
3572,0
3573,0
3574,0
3575,0
3576,0
3577,0
3578,0
3579,0
3580,0
3581,0
3582,0
3583,0
3584,0
3585,0
3586,0
3587,0
3588,0
3589,0
3590,0
3591,0
3592,0
3593,0
3594,0
3595,0
3596,0
3597,0
3598,0
3599,0
3600,0
3601,0
3602,0
3603,0
3604,0
3605,0
3606,0
3607,0
3608,0
3609,0
3610,0
3611,0
3612,0
3613,0
3614,0
3615,0
3616,0
3617,0
3618,0
3619,0
3620,0
3621,0
3622,0
3623,0
3624,0
3625,0
3626,0
3627,0
3628,0
3629,0
3630,0
3631,0
3632,0
3633,0
3634,0
3635,0
3636,0
3637,0
3638,0
3639,0
3640,0
3641,0
3642,0
3643,0
3644,0
3645,0
3646,0
3647,0
3648,0
3649,0
3650,0
3651,0
3652,0
3653,0
3654,0
3655,0
3656,0
3657,0
3658,0
3659,0
3660,0
3661,0
3662,0
3663,0
3664,0
3665,0
3666,0
3667,0
3668,0
3669,0
3670,0
3671,0
3672,0
3673,0
3674,0
3675,0
3676,0
3677,0
3678,0
3679,0
3680,0
3681,0
3682,0
3683,0
3684,0
3685,0
3686,0
3687,0
3688,0
3689,0
3690,0
3691,0
3692,0
3693,0
3694,0
3695,0
3696,0
3697,0
3698,0
3699,0
3700,0
3701,0
3702,0
3703,0
3704,0
3705,0
3706,0
3707,0
3708,0
3709,0
3710,0
3711,0
3712,0
3713,0
3714,0
3715,0
3716,0
3717,0
3718,0
3719,0
3720,0
3721,0
3722,0
3723,0
3724,0
3725,0
3726,0
3727,0
3728,0
3729,0
3730,0
3731,0
3732,0
3733,0
3734,0
3735,0
3736,0
3737,0
3738,0
3739,0
3740,0
3741,0
3742,0
3743,0
3744,0
3745,0
3746,0
3747,0
3748,0
3749,0
3750,0
3751,0
3752,0
3753,0
3754,0
3755,0
3756,0
3757,0
3758,0
3759,0
3760,0
3761,0
3762,0
3763,0
3764,0
3765,0
3766,0
3767,0
3768,0
3769,0
3770,0
3771,0
3772,0
3773,0
3774,0
3775,0
3776,0
3777,0
3778,0
3779,0
3780,0
3781,0
3782,0
3783,0
3784,0
3785,0
3786,0
3787,0
3788,0
3789,0
3790,0
3791,0
3792,0
3793,0
3794,0
3795,0
3796,0
3797,0
3798,0
3799,0
3800,0
3801,0
3802,0
3803,0
3804,0
3805,0
3806,0
3807,0
3808,0
3809,0
3810,0
3811,0
3812,0
3813,0
3814,0
3815,0
3816,0
3817,0
3818,0
3819,0
3820,0
3821,0
3822,0
3823,0
3824,0
3825,0
3826,0
3827,0
3828,0
3829,0
3830,0
3831,0
3832,0
3833,0
3834,0
3835,0
3836,0
3837,0
3838,0
3839,0
3840,0
3841,0
3842,0
3843,0
3844,0
3845,0
3846,0
3847,0
3848,0
3849,0
3850,0
3851,0
3852,0
3853,0
3854,0
3855,0
3856,0
3857,0
3858,0
3859,0
3860,0
3861,0
3862,0
3863,0
3864,0
3865,0
3866,0
3867,0
3868,0
3869,0
3870,0
3871,0
3872,0
3873,0
3874,0
3875,0
3876,0
3877,0
3878,0
3879,0
3880,0
3881,0
3882,0
3883,0
3884,0
3885,0
3886,0
3887,0
3888,0
3889,0
3890,0
3891,0
3892,0
3893,0
3894,0
3895,0
3896,0
3897,0
3898,0
3899,0
3900,0
3901,0
3902,0
3903,0
3904,0
3905,0
3906,0
3907,0
3908,0
3909,0
3910,0
3911,0
3912,0
3913,0
3914,0
3915,0
3916,0
3917,0
3918,0
3919,0
3920,0
3921,0
3922,0
3923,0
3924,0
3925,0
3926,0
3927,0
3928,0
3929,0
3930,0
3931,0
3932,0
3933,0
3934,0
3935,0
3936,0
3937,0
3938,0
3939,0
3940,0
3941,0
3942,0
3943,0
3944,0
3945,0
3946,0
3947,0
3948,0
3949,0
3950,0
3951,0
3952,0
3953,0
3954,0
3955,0
3956,0
3957,0
3958,0
3959,0
3960,0
3961,0
3962,0
3963,0
3964,0
3965,0
3966,0
3967,0
3968,0
3969,0
3970,0
3971,0
3972,0
3973,0
3974,0
3975,0
3976,0
3977,0
3978,0
3979,0
3980,0
3981,0
3982,0
3983,0
3984,0
3985,0
3986,0
3987,0
3988,0
3989,0
3990,0
3991,0
3992,0
3993,0
3994,0
3995,0
3996,0
3997,0
3998,0
3999,0
4000,0
4001,0
4002,0
4003,0
4004,0
4005,0
4006,0
4007,0
4008,0
4009,0
4010,0
4011,0
4012,0
4013,0
4014,0
4015,0
4016,0
4017,0
4018,0
4019,0
4020,0
4021,0
4022,0
4023,0
4024,0
4025,0
4026,0
4027,0
4028,0
4029,0
4030,0
4031,0
4032,0
4033,0
4034,0
4035,0
4036,0
4037,0
4038,0
4039,0
4040,0
4041,0
4042,0
4043,0
4044,0
4045,0
4046,0
4047,0
4048,0
4049,0
4050,0
4051,0
4052,0
4053,0
4054,0
4055,0
4056,0
4057,0
4058,0
4059,0
4060,0
4061,0
4062,0
4063,0
4064,0
4065,0
4066,0
4067,0
4068,0
4069,0
4070,0
4071,0
4072,0
4073,0
4074,0
4075,0
4076,0
4077,0
4078,0
4079,0
4080,0
4081,0
4082,0
4083,0
4084,0
4085,0
4086,0
4087,0
4088,0
4089,0
4090,0
4091,0
4092,0
4093,0
4094,0
4095,0
4096,0
4097,0
4098,0
4099,0
4100,0
4101,0
4102,0
4103,0
4104,0
4105,0
4106,0
4107,0
4108,0
4109,0
4110,0
4111,0
4112,0
4113,0
4114,0
4115,0
4116,0
4117,0
4118,0
4119,0
4120,0
4121,0
4122,0
4123,0
4124,0
4125,0
4126,0
4127,0
4128,0
4129,0
4130,0
4131,0
4132,0
4133,0
4134,0
4135,0
4136,0
4137,0
4138,0
4139,0
4140,0
4141,0
4142,0
4143,0
4144,0
4145,0
4146,0
4147,0
4148,0
4149,0
4150,0
4151,0
4152,0
4153,0
4154,0
4155,0
4156,0
4157,0
4158,0
4159,0
4160,0
4161,0
4162,0
4163,0
4164,0
4165,0
4166,0
4167,0
4168,0
4169,0
4170,0
4171,0
4172,0
4173,0
4174,0
4175,0
4176,0
4177,0
4178,0
4179,0
4180,0
4181,0
4182,0
4183,0
4184,0
4185,0
4186,0
4187,0
4188,0
4189,0
4190,0
4191,0
4192,0
4193,0
4194,0
4195,0
4196,0
4197,0
4198,0
4199,0
4200,0
4201,0
4202,0
4203,0
4204,0
4205,0
4206,0
4207,0
4208,0
4209,0
4210,0
4211,0
4212,0
4213,0
4214,30
4215,29
4216,28
4217,27
4218,26
4219,25
4220,24
4221,23
4222,22
4223,21
4224,20
4225,19
4226,18
4227,17
4228,16
4229,15
4230,14
4231,13
4232,12
4233,11
4234,10
4235,9
4236,8
4237,7
4238,6
4239,5
4240,4
4241,3
4242,2
4243,1
4244,0
4245,0
4246,0
4247,0
4248,0
4249,0
4250,0
4251,0
4252,0
4253,0
4254,0
4255,0
4256,0
4257,0
4258,0
4259,0
4260,0
4261,0
4262,0
4263,0
4264,0
4265,0
4266,0
4267,0
4268,0
4269,0
4270,0
4271,0
4272,0
4273,0
4274,0
4275,0
4276,0
4277,0
4278,0
4279,0
4280,0
4281,0
4282,0
4283,0
4284,0
4285,0
4286,0
4287,0
4288,0
4289,0
4290,0
4291,0
4292,0
4293,0
4294,0
4295,0
4296,0
4297,0
4298,0
4299,0
4300,0
4301,0
4302,0
4303,0
4304,0
4305,0
4306,0
4307,0
4308,0
4309,0
4310,0
4311,0
4312,0
4313,0
4314,0
4315,0
4316,0
4317,0
4318,0
4319,0
4320,0
4321,0
4322,0
4323,0
4324,0
4325,0
4326,0
4327,0
4328,0
4329,0
4330,0
4331,0
4332,0
4333,0
4334,0
4335,0
4336,0
4337,0
4338,0
4339,0
4340,0
4341,0
4342,0
4343,0
4344,0
4345,0
4346,0
4347,0
4348,0
4349,0
4350,0
4351,0
4352,0
4353,0
4354,0
4355,0
4356,0
4357,0
4358,0
4359,0
4360,0
4361,0
4362,0
4363,0
4364,0
4365,0
4366,0
4367,0
4368,0
4369,0
4370,0
4371,0
4372,0
4373,0
4374,0
4375,0
4376,31
4377,30
4378,29
4379,28
4380,27
4381,27
4382,27
4383,27
4384,27
4385,27
4386,27
4387,27
4388,27
4389,27
4390,27
4391,27
4392,27
4393,27
4394,27
4395,27
4396,27
4397,27
4398,27
4399,27
4400,27
4401,26
4402,25
4403,55
4404,53
4405,51
4406,49
4407,47
4408,45
4409,43
4410,41
4411,39
4412,37
4413,35
4414,33
4415,31
4416,29
4417,27
4418,25
4419,23
4420,21
4421,19
4422,17
4423,15
4424,13
4425,11
4426,9
4427,7
4428,6
4429,5
4430,4
4431,3
4432,2
4433,1
4434,0
4435,0
4436,0
4437,0
4438,0
4439,0
4440,0
4441,0
4442,0
4443,0
4444,0
4445,0
4446,0
4447,0
4448,0
4449,0
4450,0
4451,0
4452,0
4453,0
4454,0
4455,0
4456,0
4457,0
4458,0
4459,0
4460,0
4461,0
4462,0
4463,0
4464,0
4465,0
4466,0
4467,0
4468,0
4469,0
4470,0
4471,0
4472,0
4473,0
4474,0
4475,0
4476,0
4477,0
4478,0
4479,0
4480,0
4481,0
4482,0
4483,0
4484,0
4485,0
4486,0
4487,0
4488,0
4489,0
4490,0
4491,0
4492,0
4493,0
4494,0
4495,0
4496,0
4497,0
4498,0
4499,0
4500,0
4501,0
4502,0
4503,0
4504,0
4505,0
4506,0
4507,0
4508,0
4509,0
4510,0
4511,0
4512,0
4513,0
4514,0
4515,0
4516,0
4517,0
4518,0
4519,0
4520,0
4521,0
4522,0
4523,0
4524,0
4525,0
4526,0
4527,0
4528,0
4529,0
4530,0
4531,0
4532,0
4533,0
4534,0
4535,0
4536,0
4537,0
4538,0
4539,0
4540,0
4541,0
4542,0
4543,0
4544,0
4545,0
4546,0
4547,0
4548,0
4549,0
4550,0
4551,0
4552,0
4553,0
4554,0
4555,0
4556,0
4557,0
4558,0
4559,0
4560,0
4561,0
4562,0
4563,0
4564,0
4565,0
4566,0
4567,0
4568,0
4569,0
4570,0
4571,0
4572,0
4573,0
4574,0
4575,0
4576,0
4577,0
4578,0
4579,0
4580,0
4581,0
4582,0
4583,0
4584,0
4585,0
4586,0
4587,0
4588,0
4589,0
4590,0
4591,0
4592,0
4593,0
4594,0
4595,0
4596,0
4597,0
4598,0
4599,0
4600,0
4601,0
4602,0
4603,0
4604,0
4605,0
4606,0
4607,0
4608,0
4609,0
4610,0
4611,0
4612,0
4613,0
4614,0
4615,0
4616,0
4617,0
4618,0
4619,0
4620,0
4621,0
4622,0
4623,0
4624,0
4625,0
4626,0
4627,0
4628,0
4629,0
4630,0
4631,0
4632,0
4633,0
4634,0
4635,0
4636,0
4637,0
4638,0
4639,0
4640,0
4641,0
4642,0
4643,0
4644,0
4645,0
4646,0
4647,0
4648,0
4649,0
4650,0
4651,0
4652,0
4653,0
4654,0
4655,0
4656,0
4657,0
4658,0
4659,0
4660,0
4661,0
4662,0
4663,0
4664,0
4665,0
4666,0
4667,0
4668,0
4669,0
4670,0
4671,0
4672,0
4673,0
4674,0
4675,0
4676,0
4677,0
4678,0
4679,0
4680,0
4681,0
4682,0
4683,0
4684,0
4685,0
4686,0
4687,0
4688,0
4689,0
4690,0
4691,0
4692,0
4693,0
4694,0
4695,0
4696,0
4697,0
4698,0
4699,0
4700,0
4701,0
4702,0
4703,0
4704,0
4705,0
4706,0
4707,0
4708,0
4709,0
4710,0
4711,0
4712,0
4713,0
4714,0
4715,0
4716,0
4717,0
4718,0
4719,0
4720,0
4721,0
4722,0
4723,0
4724,0
4725,0
4726,0
4727,0
4728,0
4729,0
4730,0
4731,0
4732,0
4733,0
4734,0
4735,0
4736,0
4737,0
4738,0
4739,0
4740,0
4741,0
4742,0
4743,0
4744,0
4745,0
4746,0
4747,0
4748,0
4749,0
4750,0
4751,0
4752,0
4753,0
4754,0
4755,0
4756,0
4757,0
4758,0
4759,0
4760,0
4761,0
4762,0
4763,0
4764,0
4765,0
4766,0
4767,0
4768,0
4769,0
4770,0
4771,0
4772,0
4773,0
4774,0
4775,0
4776,0
4777,0
4778,0
4779,0
4780,0
4781,0
4782,0
4783,0
4784,0
4785,0
4786,0
4787,0
4788,0
4789,0
4790,0
4791,0
4792,0
4793,0
4794,0
4795,0
4796,0
4797,0
4798,0
4799,0
4800,0
4801,0
4802,0
4803,0
4804,0
4805,0
4806,0
4807,0
4808,0
4809,0
4810,0
4811,0
4812,37
4813,36
4814,35
4815,34
4816,33
4817,32
4818,31
4819,30
4820,29
4821,28
4822,27
4823,26
4824,25
4825,24
4826,23
4827,22
4828,21
4829,20
4830,19
4831,18
4832,17
4833,16
4834,15
4835,14
4836,13
4837,12
4838,11
4839,10
4840,9
4841,8
4842,7
4843,6
4844,5
4845,4
4846,3
4847,2
4848,1
4849,0
4850,0
4851,0
4852,0
4853,0
4854,0
4855,0
4856,0
4857,0
4858,0
4859,0
4860,35
4861,34
4862,33
4863,32
4864,31
4865,30
4866,29
4867,28
4868,27
4869,26
4870,25
4871,24
4872,23
4873,22
4874,21
4875,20
4876,19
4877,18
4878,17
4879,16
4880,15
4881,15
4882,15
4883,15
4884,15
4885,15
4886,15
4887,15
4888,15
4889,15
4890,15
4891,15
4892,15
4893,15
4894,15
4895,15
4896,15
4897,15
4898,15
4899,15
4900,15
4901,14
4902,13
4903,12
4904,11
4905,10
4906,9
4907,8
4908,7
4909,6
4910,5
4911,4
4912,3
4913,2
4914,1
4915,0
4916,0
4917,0
4918,0
4919,0
4920,0
4921,0
4922,0
4923,0
4924,0
4925,0
4926,0
4927,0
4928,0
4929,0
4930,0
4931,0
4932,0
4933,0
4934,0
4935,0
4936,0
4937,0
4938,0
4939,0
4940,0
4941,0
4942,0
4943,0
4944,0
4945,0
4946,0
4947,0
4948,0
4949,0
4950,0
4951,0
4952,0
4953,0
4954,0
4955,0
4956,0
4957,0
4958,0
4959,0
4960,0
4961,0
4962,0
4963,0
4964,0
4965,0
4966,0
4967,0
4968,0
4969,0
4970,0
4971,0
4972,0
4973,0
4974,0
4975,0
4976,0
4977,0
4978,0
4979,0
4980,0
4981,0
4982,0
4983,0
4984,0
4985,0
4986,0
4987,0
4988,0
4989,0
4990,0
4991,0
4992,0
4993,0
4994,0
4995,0
4996,0
4997,0
4998,0
4999,0
5000,0
5001,0
5002,0
5003,0
5004,0
5005,0
5006,0
5007,0
5008,0
5009,0
5010,0
5011,0
5012,0
5013,0
5014,0
5015,0
5016,0
5017,0
5018,0
5019,0
5020,0
5021,0
5022,0
5023,0
5024,0
5025,0
5026,0
5027,0
5028,0
5029,0
5030,0
5031,0
5032,0
5033,0
5034,0
5035,0
5036,0
5037,0
5038,0
5039,0
5040,0
5041,0
5042,0
5043,0
5044,0
5045,0
5046,0
5047,0
5048,0
5049,0
5050,0
5051,0
5052,0
5053,0
5054,0
5055,0
5056,0
5057,0
5058,0
5059,0
5060,0
5061,0
5062,0
5063,0
5064,36
5065,35
5066,34
5067,33
5068,32
5069,31
5070,30
5071,29
5072,28
5073,27
5074,26
5075,25
5076,24
5077,23
5078,22
5079,21
5080,20
5081,20
5082,20
5083,20
5084,20
5085,20
5086,20
5087,20
5088,20
5089,20
5090,20
5091,20
5092,20
5093,20
5094,20
5095,20
5096,20
5097,20
5098,20
5099,20
5100,20
5101,19
5102,18
5103,17
5104,16
5105,15
5106,14
5107,13
5108,45
5109,43
5110,41
5111,39
5112,37
5113,35
5114,33
5115,31
5116,29
5117,27
5118,25
5119,23
5120,21
5121,20
5122,19
5123,18
5124,52
5125,50
5126,48
5127,46
5128,44
5129,42
5130,40
5131,38
5132,36
5133,34
5134,32
5135,30
5136,28
5137,26
5138,24
5139,22
5140,20
5141,18
5142,17
5143,16
5144,15
5145,14
5146,13
5147,12
5148,11
5149,10
5150,9
5151,8
5152,7
5153,6
5154,5
5155,4
5156,3
5157,2
5158,1
5159,0
5160,0
5161,0
5162,0
5163,0
5164,0
5165,0
5166,0
5167,0
5168,0
5169,0
5170,0
5171,0
5172,0
5173,0
5174,0
5175,0
5176,0
5177,0
5178,0
5179,0
5180,0
5181,0
5182,0
5183,0
5184,0
5185,0
5186,35
5187,35
5188,35
5189,35
5190,35
5191,35
5192,35
5193,35
5194,35
5195,35
5196,35
5197,35
5198,35
5199,35
5200,35
5201,34
5202,33
5203,32
5204,31
5205,30
5206,29
5207,28
5208,27
5209,26
5210,25
5211,24
5212,23
5213,22
5214,21
5215,20
5216,19
5217,18
5218,17
5219,16
5220,15
5221,14
5222,13
5223,12
5224,11
5225,10
5226,9
5227,8
5228,7
5229,6
5230,5
5231,4
5232,3
5233,2
5234,1
5235,0
5236,0
5237,0
5238,0
5239,0
5240,0
5241,0
5242,0
5243,0
5244,0
5245,0
5246,0
5247,0
5248,0
5249,0
5250,0
5251,0
5252,0
5253,0
5254,0
5255,0
5256,0
5257,0
5258,0
5259,0
5260,0
5261,0
5262,40
5263,39
5264,69
5265,67
5266,65
5267,63
5268,97
5269,94
5270,91
5271,88
5272,85
5273,82
5274,79
5275,76
5276,73
5277,70
5278,67
5279,64
5280,61
5281,61
5282,61
5283,61
5284,61
5285,61
5286,61
5287,61
5288,61
5289,61
5290,61
5291,61
5292,61
5293,61
5294,61
5295,61
5296,61
5297,61
5298,61
5299,61
5300,61
5301,58
5302,55
5303,52
5304,49
5305,46
5306,43
5307,40
5308,37
5309,34
5310,31
5311,28
5312,25
5313,22
5314,58
5315,55
5316,52
5317,49
5318,46
5319,43
5320,40
5321,37
5322,34
5323,32
5324,30
5325,29
5326,28
5327,27
5328,26
5329,25
5330,24
5331,23
5332,22
5333,21
5334,20
5335,19
5336,18
5337,17
5338,16
5339,15
5340,14
5341,13
5342,12
5343,11
5344,10
5345,9
5346,8
5347,7
5348,6
5349,5
5350,4
5351,3
5352,2
5353,1
5354,0
5355,0
5356,0
5357,0
5358,0
5359,0
5360,0
5361,0
5362,0
5363,0
5364,0
5365,0
5366,0
5367,0
5368,0
5369,0
5370,0
5371,0
5372,0
5373,0
5374,0
5375,0
5376,0
5377,0
5378,0
5379,0
5380,0
5381,0
5382,0
5383,0
5384,0
5385,0
5386,0
5387,0
5388,0
5389,0
5390,0
5391,0
5392,0
5393,0
5394,0
5395,0
5396,0
5397,0
5398,0
5399,0
5400,0
5401,0
5402,0
5403,0
5404,38
5405,37
5406,36
5407,35
5408,34
5409,33
5410,32
5411,31
5412,30
5413,29
5414,28
5415,27
5416,26
5417,25
5418,24
5419,23
5420,22
5421,21
5422,20
5423,19
5424,18
5425,17
5426,16
5427,15
5428,14
5429,13
5430,12
5431,11
5432,10
5433,9
5434,8
5435,7
5436,6
5437,5
5438,4
5439,3
5440,2
5441,1
5442,0
5443,0
5444,0
5445,0
5446,0
5447,0
5448,0
5449,0
5450,0
5451,0
5452,0
5453,0
5454,0
5455,0
5456,0
5457,0
5458,0
5459,0
5460,0
5461,0
5462,0
5463,0
5464,0
5465,0
5466,0
5467,0
5468,33
5469,32
5470,31
5471,30
5472,29
5473,28
5474,27
5475,26
5476,25
5477,24
5478,23
5479,22
5480,21
5481,21
5482,21
5483,21
5484,21
5485,21
5486,21
5487,21
5488,21
5489,21
5490,21
5491,21
5492,21
5493,21
5494,21
5495,21
5496,21
5497,21
5498,21
5499,21
5500,21
5501,20
5502,19
5503,18
5504,17
5505,16
5506,15
5507,14
5508,13
5509,12
5510,11
5511,10
5512,9
5513,8
5514,46
5515,44
5516,42
5517,40
5518,38
5519,36
5520,34
5521,32
5522,31
5523,30
5524,29
5525,28
5526,27
5527,26
5528,25
5529,24
5530,23
5531,22
5532,21
5533,20
5534,19
5535,18
5536,17
5537,16
5538,15
5539,14
5540,13
5541,12
5542,11
5543,10
5544,9
5545,8
5546,7
5547,6
5548,5
5549,4
5550,3
5551,2
5552,1
5553,0
5554,0
5555,0
5556,0
5557,0
5558,0
5559,0
5560,0
5561,0
5562,0
5563,40
5564,39
5565,38
5566,37
5567,36
5568,35
5569,34
5570,33
5571,32
5572,31
5573,30
5574,29
5575,28
5576,27
5577,26
5578,25
5579,24
5580,23
5581,23
5582,23
5583,23
5584,23
5585,23
5586,23
5587,23
5588,23
5589,23
5590,23
5591,23
5592,23
5593,23
5594,23
5595,23
5596,23
5597,23
5598,23
5599,23
5600,23
5601,22
5602,21
5603,20
5604,19
5605,18
5606,17
5607,16
5608,15
5609,14
5610,44
5611,42
5612,40
5613,38
5614,36
5615,34
5616,32
5617,30
5618,28
5619,26
5620,24
5621,22
5622,20
5623,18
5624,17
5625,48
5626,46
5627,44
5628,42
5629,40
5630,38
5631,36
5632,34
5633,32
5634,30
5635,28
5636,26
5637,24
5638,59
5639,57
5640,55
5641,53
5642,51
5643,49
5644,47
5645,45
5646,43
5647,41
5648,39
5649,37
5650,35
5651,33
5652,31
5653,29
5654,27
5655,25
5656,23
5657,21
5658,19
5659,18
5660,17
5661,16
5662,15
5663,14
5664,13
5665,12
5666,11
5667,10
5668,9
5669,8
5670,7
5671,6
5672,5
5673,4
5674,3
5675,2
5676,1
5677,0
5678,0
5679,0
5680,0
5681,0
5682,0
5683,0
5684,0
5685,0
5686,0
5687,33
5688,33
5689,33
5690,33
5691,33
5692,33
5693,33
5694,33
5695,33
5696,33
5697,33
5698,33
5699,33
5700,33
5701,32
5702,31
5703,70
5704,68
5705,66
5706,64
5707,62
5708,60
5709,58
5710,56
5711,54
5712,52
5713,50
5714,48
5715,84
5716,81
5717,78
5718,75
5719,72
5720,69
5721,66
5722,63
5723,60
5724,57
5725,54
5726,51
5727,48
5728,45
5729,42
5730,39
5731,36
5732,33
5733,30
5734,28
5735,26
5736,24
5737,22
5738,20
5739,18
5740,16
5741,14
5742,12
5743,10
5744,9
5745,8
5746,7
5747,6
5748,5
5749,4
5750,3
5751,2
5752,1
5753,0
5754,0
5755,0
5756,0
5757,0
5758,0
5759,0
5760,0
5761,0
5762,0
5763,0
5764,37
5765,36
5766,35
5767,34
5768,33
5769,32
5770,66
5771,64
5772,62
5773,60
5774,58
5775,56
5776,54
5777,52
5778,50
5779,48
5780,46
5781,46
5782,46
5783,46
5784,46
5785,46
5786,46
5787,46
5788,46
5789,46
5790,46
5791,46
5792,46
5793,46
5794,46
5795,46
5796,46
5797,46
5798,46
5799,46
5800,46
5801,44
5802,42
5803,40
5804,38
5805,36
5806,34
5807,32
5808,30
5809,28
5810,26
5811,24
5812,22
5813,20
5814,18
5815,16
5816,14
5817,12
5818,10
5819,8
5820,6
5821,4
5822,3
5823,2
5824,1
5825,0
5826,0
5827,0
5828,0
5829,0
5830,0
5831,0
5832,0
5833,0
5834,0
5835,0
5836,0
5837,0
5838,0
5839,0
5840,0
5841,0
5842,0
5843,0
5844,0
5845,0
5846,0
5847,0
5848,0
5849,0
5850,0
5851,0
5852,0
5853,0
5854,0
5855,0
5856,0
5857,0
5858,0
5859,0
5860,0
5861,0
5862,0
5863,0
5864,0
5865,0
5866,0
5867,0
5868,0
5869,0
5870,0
5871,0
5872,0
5873,0
5874,0
5875,0
5876,0
5877,0
5878,0
5879,0
5880,0
5881,0
5882,0
5883,0
5884,0
5885,0
5886,0
5887,0
5888,0
5889,0
5890,0
5891,38
5892,38
5893,38
5894,38
5895,38
5896,38
5897,38
5898,38
5899,38
5900,38
5901,37
5902,36
5903,35
5904,34
5905,33
5906,32
5907,31
5908,66
5909,64
5910,62
5911,60
5912,58
5913,56
5914,54
5915,90
5916,88
5917,86
5918,84
5919,82
5920,80
5921,78
5922,76
5923,74
5924,72
5925,70
5926,68
5927,66
5928,64
5929,62
5930,60
5931,58
5932,56
5933,54
5934,52
5935,50
5936,48
5937,46
5938,44
5939,42
5940,40
5941,38
5942,36
5943,34
5944,32
5945,30
5946,28
5947,26
5948,24
5949,22
5950,20
5951,18
5952,16
5953,14
5954,12
5955,10
5956,9
5957,39
5958,37
5959,35
5960,33
5961,31
5962,29
5963,27
5964,25
5965,23
5966,22
5967,21
5968,20
5969,19
5970,18
5971,17
5972,16
5973,15
5974,14
5975,13
5976,12
5977,11
5978,10
5979,9
5980,8
5981,8
5982,8
5983,8
5984,8
5985,8
5986,42
5987,42
5988,42
5989,42
5990,42
5991,42
5992,42
5993,42
5994,42
5995,42
5996,42
5997,42
5998,42
5999,42
6000,42
6001,40
6002,38
6003,36
6004,34
6005,32
6006,30
6007,28
6008,26
6009,25
6010,24
6011,23
6012,22
6013,21
6014,20
6015,19
6016,18
6017,17
6018,16
6019,15
6020,14
6021,13
6022,12
6023,11
6024,10
6025,9
6026,8
6027,7
6028,6
6029,5
6030,4
6031,3
6032,2
6033,1
6034,0
6035,0
6036,0
6037,0
6038,0
6039,0
6040,0
6041,0
6042,0
6043,0
6044,0
6045,0
6046,0
6047,0
6048,38
6049,37
6050,36
6051,35
6052,34
6053,33
6054,32
6055,31
6056,30
6057,29
6058,28
6059,27
6060,26
6061,25
6062,24
6063,23
6064,22
6065,21
6066,20
6067,19
6068,18
6069,17
6070,16
6071,15
6072,14
6073,13
6074,12
6075,11
6076,10
6077,9
6078,40
6079,38
6080,36
6081,36
6082,36
6083,36
6084,36
6085,36
6086,36
6087,36
6088,36
6089,36
6090,36
6091,36
6092,36
6093,36
6094,36
6095,36
6096,36
6097,36
6098,36
6099,36
6100,36
6101,34
6102,32
6103,30
6104,28
6105,26
6106,24
6107,23
6108,22
6109,21
6110,20
6111,19
6112,18
6113,17
6114,16
6115,51
6116,49
6117,47
6118,45
6119,43
6120,41
6121,39
6122,37
6123,35
6124,33
6125,31
6126,29
6127,27
6128,25
6129,23
6130,21
6131,20
6132,19
6133,18
6134,17
6135,16
6136,15
6137,14
6138,13
6139,12
6140,11
6141,10
6142,9
6143,8
6144,7
6145,6
6146,5
6147,4
6148,3
6149,2
6150,1
6151,0
6152,0
6153,33
6154,32
6155,31
6156,67
6157,103
6158,101
6159,99
6160,97
6161,95
6162,93
6163,91
6164,89
6165,87
6166,85
6167,83
6168,81
6169,79
6170,77
6171,75
6172,73
6173,71
6174,69
6175,67
6176,65
6177,63
6178,61
6179,59
6180,57
6181,57
6182,57
6183,57
6184,57
6185,57
6186,57
6187,57
6188,57
6189,57
6190,57
6191,57
6192,57
6193,57
6194,57
6195,57
6196,57
6197,57
6198,57
6199,57
6200,57
6201,55
6202,53
6203,51
6204,49
6205,47
6206,45
6207,43
6208,41
6209,39
6210,37
6211,70
6212,68
6213,66
6214,64
6215,62
6216,60
6217,58
6218,56
6219,54
6220,52
6221,50
6222,48
6223,46
6224,44
6225,42
6226,40
6227,38
6228,36
6229,34
6230,32
6231,30
6232,28
6233,26
6234,24
6235,22
6236,20
6237,19
6238,18
6239,17
6240,16
6241,15
6242,14
6243,13
6244,12
6245,11
6246,10
6247,9
6248,8
6249,7
6250,6
6251,5
6252,4
6253,3
6254,2
6255,1
6256,0
6257,0
6258,0
6259,0
6260,0
6261,0
6262,0
6263,0
6264,0
6265,0
6266,0
6267,0
6268,0
6269,0
6270,32
6271,31
6272,30
6273,29
6274,28
6275,27
6276,26
6277,25
6278,24
6279,23
6280,22
6281,22
6282,22
6283,22
6284,22
6285,22
6286,22
6287,22
6288,22
6289,22
6290,22
6291,22
6292,22
6293,22
6294,22
6295,22
6296,22
6297,22
6298,22
6299,22
6300,22
6301,21
6302,20
6303,19
6304,18
6305,17
6306,16
6307,15
6308,14
6309,13
6310,12
6311,11
6312,10
6313,9
6314,8
6315,7
6316,6
6317,5
6318,4
6319,3
6320,2
6321,1
6322,0
6323,0
6324,0
6325,0
6326,0
6327,0
6328,0
6329,0
6330,0
6331,0
6332,0
6333,0
6334,0
6335,0
6336,0
6337,0
6338,0
6339,0
6340,0
6341,0
6342,0
6343,0
6344,0
6345,0
6346,0
6347,0
6348,0
6349,0
6350,0
6351,0
6352,0
6353,0
6354,0
6355,0
6356,0
6357,0
6358,0
6359,0
6360,0
6361,0
6362,0
6363,0
6364,0
6365,0
6366,0
6367,0
6368,0
6369,0
6370,0
6371,0
6372,0
6373,0
6374,0
6375,0
6376,0
6377,0
6378,0
6379,0
6380,0
6381,0
6382,0
6383,0
6384,0
6385,0
6386,0
6387,0
6388,0
6389,0
6390,0
6391,0
6392,0
6393,0
6394,0
6395,0
6396,0
6397,0
6398,0
6399,0
6400,0
6401,0
6402,0
6403,0
6404,0
6405,0
6406,0
6407,0
6408,0
6409,0
6410,0
6411,0
6412,0
6413,0
6414,0
6415,0
6416,0
6417,0
6418,0
6419,0
6420,0
6421,0
6422,0
6423,0
6424,0
6425,0
6426,0
6427,0
6428,0
6429,0
6430,0
6431,0
6432,0
6433,0
6434,0
6435,0
6436,0
6437,30
6438,29
6439,28
6440,27
6441,26
6442,25
6443,24
6444,23
6445,22
6446,21
6447,20
6448,59
6449,57
6450,55
6451,53
6452,51
6453,49
6454,47
6455,45
6456,43
6457,41
6458,39
6459,37
6460,35
6461,33
6462,31
6463,29
6464,27
6465,56
6466,54
6467,82
6468,80
6469,78
6470,76
6471,74
6472,72
6473,70
6474,68
6475,66
6476,64
6477,62
6478,60
6479,58
6480,56
6481,56
6482,56
6483,56
6484,56
6485,56
6486,56
6487,56
6488,56
6489,56
6490,56
6491,56
6492,56
6493,56
6494,56
6495,56
6496,56
6497,56
6498,56
6499,56
6500,56
6501,54
6502,52
6503,50
6504,48
6505,46
6506,44
6507,42
6508,40
6509,38
6510,36
6511,34
6512,32
6513,30
6514,28
6515,26
6516,24
6517,52
6518,50
6519,48
6520,46
6521,44
6522,42
6523,40
6524,38
6525,36
6526,67
6527,65
6528,63
6529,61
6530,59
6531,57
6532,55
6533,53
6534,51
6535,49
6536,47
6537,45
6538,43
6539,41
6540,39
6541,37
6542,35
6543,33
6544,31
6545,29
6546,27
6547,25
6548,23
6549,21
6550,19
6551,17
6552,15
6553,13
6554,11
6555,9
6556,8
6557,7
6558,6
6559,5
6560,4
6561,3
6562,2
6563,1
6564,0
6565,0
6566,0
6567,34
6568,33
6569,32
6570,31
6571,30
6572,29
6573,28
6574,27
6575,26
6576,25
6577,24
6578,23
6579,22
6580,21
6581,21
6582,21
6583,21
6584,21
6585,21
6586,21
6587,21
6588,21
6589,21
6590,21
6591,21
6592,21
6593,21
6594,21
6595,21
6596,21
6597,21
6598,21
6599,21
6600,60
6601,58
6602,56
6603,54
6604,52
6605,50
6606,48
6607,46
6608,44
6609,42
6610,40
6611,38
6612,36
6613,34
6614,32
6615,30
6616,28
6617,26
6618,24
6619,22
6620,20
6621,18
6622,17
6623,16
6624,15
6625,14
6626,13
6627,12
6628,11
6629,10
6630,9
6631,8
6632,7
6633,6
6634,5
6635,4
6636,3
6637,2
6638,1
6639,0
6640,0
6641,0
6642,0
6643,0
6644,0
6645,0
6646,0
6647,0
6648,0
6649,0
6650,0
6651,0
6652,0
6653,0
6654,0
6655,0
6656,0
6657,0
6658,0
6659,0
6660,0
6661,0
6662,0
6663,0
6664,0
6665,0
6666,0
6667,0
6668,0
6669,0
6670,0
6671,0
6672,0
6673,0
6674,0
6675,0
6676,0
6677,0
6678,0
6679,0
6680,0
6681,0
6682,0
6683,0
6684,0
6685,0
6686,0
6687,0
6688,0
6689,0
6690,0
6691,0
6692,0
6693,0
6694,0
6695,0
6696,0
6697,0
6698,0
6699,0
6700,0
6701,31
6702,30
6703,29
6704,28
6705,27
6706,26
6707,25
6708,24
6709,23
6710,22
6711,21
6712,20
6713,19
6714,18
6715,17
6716,16
6717,15
6718,14
6719,13
6720,12
6721,11
6722,10
6723,9
6724,8
6725,7
6726,6
6727,5
6728,4
6729,3
6730,2
6731,1
6732,0
6733,0
6734,0
6735,0
6736,0
6737,0
6738,0
6739,0
6740,0
6741,0
6742,0
6743,0
6744,0
6745,0
6746,0
6747,0
6748,34
6749,33
6750,32
6751,31
6752,30
6753,29
6754,28
6755,27
6756,26
6757,25
6758,24
6759,23
6760,22
6761,56
6762,54
6763,52
6764,50
6765,48
6766,46
6767,44
6768,42
6769,40
6770,38
6771,36
6772,34
6773,32
6774,30
6775,28
6776,26
6777,24
6778,22
6779,20
6780,18
6781,18
6782,18
6783,18
6784,18
6785,18
6786,18
6787,18
6788,18
6789,18
6790,18
6791,18
6792,18
6793,18
6794,18
6795,18
6796,18
6797,18
6798,18
6799,18
6800,50
6801,48
6802,46
6803,44
6804,42
6805,40
6806,38
6807,36
6808,34
6809,32
6810,30
6811,28
6812,26
6813,24
6814,22
6815,20
6816,18
6817,16
6818,15
6819,14
6820,13
6821,12
6822,11
6823,10
6824,9
6825,8
6826,7
6827,6
6828,5
6829,4
6830,3
6831,2
6832,1
6833,0
6834,0
6835,0
6836,0
6837,0
6838,0
6839,0
6840,0
6841,0
6842,0
6843,0
6844,0
6845,0
6846,0
6847,0
6848,0
6849,0
6850,0
6851,0
6852,0
6853,0
6854,0
6855,0
6856,0
6857,0
6858,0
6859,0
6860,0
6861,0
6862,0
6863,0
6864,0
6865,0
6866,0
6867,0
6868,0
6869,0
6870,0
6871,0
6872,36
6873,35
6874,34
6875,33
6876,32
6877,31
6878,30
6879,29
6880,28
6881,28
6882,28
6883,28
6884,28
6885,28
6886,28
6887,28
6888,28
6889,28
6890,28
6891,28
6892,66
6893,66
6894,66
6895,66
6896,66
6897,66
6898,66
6899,66
6900,66
6901,64
6902,62
6903,60
6904,58
6905,56
6906,54
6907,90
6908,88
6909,86
6910,84
6911,82
6912,80
6913,78
6914,76
6915,74
6916,72
6917,70
6918,103
6919,101
6920,99
6921,97
6922,95
6923,93
6924,91
6925,89
6926,87
6927,85
6928,83
6929,81
6930,79
6931,77
6932,75
6933,73
6934,71
6935,69
6936,67
6937,65
6938,63
6939,61
6940,59
6941,57
6942,55
6943,53
6944,51
6945,49
6946,47
6947,45
6948,43
6949,41
6950,39
6951,37
6952,35
6953,33
6954,31
6955,29
6956,27
6957,25
6958,23
6959,21
6960,19
6961,17
6962,15
6963,13
6964,11
6965,9
6966,7
6967,5
6968,4
6969,3
6970,2
6971,1
6972,0
6973,0
6974,0
6975,0
6976,0
6977,0
6978,0
6979,0
6980,0
6981,0
6982,0
6983,0
6984,0
6985,0
6986,0
6987,0
6988,0
6989,0
6990,0
6991,0
6992,0
6993,0
6994,0
6995,0
6996,0
6997,0
6998,0
6999,0
7000,0
7001,0
7002,0
7003,0
7004,0
7005,30
7006,29
7007,28
7008,27
7009,26
7010,25
7011,24
7012,23
7013,22
7014,21
7015,20
7016,19
7017,18
7018,17
7019,16
7020,15
7021,14
7022,13
7023,12
7024,11
7025,10
7026,9
7027,8
7028,7
7029,6
7030,5
7031,4
7032,3
7033,2
7034,1
7035,0
7036,0
7037,0
7038,0
7039,0
7040,0
7041,0
7042,0
7043,0
7044,0
7045,0
7046,0
7047,0
7048,0
7049,0
7050,0
7051,0
7052,0
7053,0
7054,0
7055,0
7056,0
7057,0
7058,0
7059,0
7060,0
7061,0
7062,0
7063,0
7064,0
7065,0
7066,0
7067,0
7068,0
7069,0
7070,0
7071,0
7072,0
7073,0
7074,0
7075,0
7076,0
7077,0
7078,0
7079,0
7080,0
7081,0
7082,0
7083,0
7084,0
7085,0
7086,0
7087,0
7088,0
7089,0
7090,0
7091,0
7092,0
7093,0
7094,0
7095,0
7096,0
7097,0
7098,0
7099,0
7100,0
7101,0
7102,0
7103,0
7104,0
7105,0
7106,0
7107,0
7108,0
7109,0
7110,0
7111,0
7112,0
7113,0
7114,0
7115,0
7116,0
7117,0
7118,0
7119,0
7120,0
7121,0
7122,0
7123,0
7124,0
7125,0
7126,0
7127,0
7128,0
7129,0
7130,0
7131,0
7132,0
7133,0
7134,0
7135,0
7136,0
7137,0
7138,0
7139,0
7140,0
7141,0
7142,0
7143,0
7144,0
7145,0
7146,0
7147,0
7148,39
7149,38
7150,37
7151,36
7152,35
7153,34
7154,33
7155,32
7156,31
7157,30
7158,29
7159,28
7160,27
7161,26
7162,25
7163,24
7164,23
7165,22
7166,21
7167,20
7168,51
7169,49
7170,47
7171,45
7172,43
7173,41
7174,39
7175,37
7176,35
7177,33
7178,31
7179,29
7180,27
7181,27
7182,27
7183,27
7184,27
7185,27
7186,27
7187,27
7188,27
7189,27
7190,27
7191,27
7192,27
7193,27
7194,27
7195,61
7196,61
7197,61
7198,61
7199,61
7200,61
7201,59
7202,57
7203,55
7204,53
7205,51
7206,49
7207,47
7208,45
7209,43
7210,41
7211,39
7212,67
7213,65
7214,63
7215,61
7216,59
7217,57
7218,55
7219,53
7220,51
7221,49
7222,47
7223,45
7224,43
7225,41
7226,39
7227,37
7228,35
7229,33
7230,31
7231,29
7232,27
7233,25
7234,23
7235,21
7236,19
7237,17
7238,15
7239,13
7240,11
7241,9
7242,7
7243,5
7244,4
7245,3
7246,2
7247,1
7248,0
7249,0
7250,0
7251,0
7252,0
7253,0
7254,0
7255,0
7256,0
7257,0
7258,0
7259,0
7260,0
7261,0
7262,0
7263,0
7264,0
7265,0
7266,0
7267,0
7268,0
7269,0
7270,0
7271,0
7272,0
7273,0
7274,33
7275,32
7276,31
7277,30
7278,29
7279,28
7280,27
7281,27
7282,27
7283,27
7284,27
7285,27
7286,27
7287,27
7288,27
7289,27
7290,27
7291,27
7292,27
7293,27
7294,27
7295,27
7296,27
7297,27
7298,27
7299,27
7300,27
7301,26
7302,25
7303,24
7304,23
7305,22
7306,21
7307,20
7308,19
7309,18
7310,17
7311,16
7312,15
7313,14
7314,13
7315,12
7316,11
7317,10
7318,9
7319,8
7320,7
7321,6
7322,41
7323,39
7324,37
7325,35
7326,33
7327,31
7328,30
7329,29
7330,28
7331,27
7332,26
7333,25
7334,24
7335,23
7336,22
7337,21
7338,20
7339,19
7340,18
7341,17
7342,16
7343,15
7344,14
7345,13
7346,12
7347,11
7348,10
7349,9
7350,8
7351,7
7352,6
7353,5
7354,4
7355,3
7356,2
7357,1
7358,0
7359,0
7360,0
7361,0
7362,0
7363,0
7364,0
7365,0
7366,0
7367,0
7368,0
7369,0
7370,0
7371,0
7372,0
7373,0
7374,0
7375,0
7376,0
7377,0
7378,0
7379,0
7380,0
7381,0
7382,0
7383,0
7384,0
7385,0
7386,0
7387,0
7388,0
7389,0
7390,0
7391,0
7392,0
7393,0
7394,0
7395,0
7396,0
7397,0
7398,0
7399,0
7400,0
7401,0
7402,0
7403,0
7404,0
7405,0
7406,0
7407,0
7408,0
7409,0
7410,0
7411,0
7412,0
7413,0
7414,0
7415,0
7416,0
7417,0
7418,0
7419,0
7420,0
7421,0
7422,0
7423,0
7424,0
7425,0
7426,0
7427,0
7428,0
7429,0
7430,0
7431,0
7432,0
7433,0
7434,0
7435,0
7436,0
7437,0
7438,0
7439,0
7440,0
7441,0
7442,0
7443,0
7444,0
7445,0
7446,0
7447,0
7448,0
7449,0
7450,0
7451,0
7452,0
7453,0
7454,0
7455,0
7456,0
7457,0
7458,0
7459,0
7460,0
7461,0
7462,0
7463,0
7464,0
7465,0
7466,0
7467,0
7468,0
7469,0
7470,0
7471,0
7472,0
7473,0
7474,0
7475,0
7476,0
7477,0
7478,0
7479,0
7480,0
7481,0
7482,0
7483,0
7484,0
7485,0
7486,0
7487,0
7488,0
7489,0
7490,0
7491,0
7492,0
7493,0
7494,0
7495,0
7496,0
7497,0
7498,0
7499,0
7500,0
7501,0
7502,0
7503,0
7504,0
7505,0
7506,0
7507,0
7508,0
7509,0
7510,0
7511,0
7512,0
7513,0
7514,0
7515,0
7516,0
7517,0
7518,0
7519,0
7520,0
7521,38
7522,37
7523,36
7524,35
7525,34
7526,33
7527,32
7528,31
7529,30
7530,29
7531,28
7532,27
7533,26
7534,25
7535,24
7536,23
7537,22
7538,21
7539,20
7540,19
7541,18
7542,57
7543,55
7544,53
7545,51
7546,49
7547,47
7548,45
7549,43
7550,41
7551,39
7552,37
7553,35
7554,33
7555,65
7556,63
7557,61
7558,59
7559,57
7560,55
7561,53
7562,51
7563,49
7564,47
7565,45
7566,43
7567,41
7568,39
7569,37
7570,35
7571,33
7572,31
7573,29
7574,27
7575,25
7576,23
7577,21
7578,58
7579,56
7580,54
7581,54
7582,54
7583,54
7584,54
7585,54
7586,54
7587,54
7588,54
7589,54
7590,54
7591,54
7592,93
7593,93
7594,93
7595,93
7596,93
7597,93
7598,93
7599,93
7600,93
7601,91
7602,89
7603,87
7604,85
7605,83
7606,81
7607,79
7608,77
7609,75
7610,73
7611,71
7612,69
7613,67
7614,65
7615,63
7616,61
7617,59
7618,57
7619,55
7620,53
7621,51
7622,49
7623,47
7624,45
7625,43
7626,41
7627,39
7628,37
7629,35
7630,33
7631,31
7632,29
7633,27
7634,25
7635,23
7636,21
7637,19
7638,17
7639,15
7640,13
7641,11
7642,9
7643,7
7644,5
7645,3
7646,1
7647,0
7648,0
7649,0
7650,0
7651,0
7652,0
7653,0
7654,0
7655,0
7656,0
7657,0
7658,0
7659,0
7660,0
7661,0
7662,0
7663,0
7664,0
7665,0
7666,0
7667,0
7668,0
7669,0
7670,0
7671,0
7672,0
7673,0
7674,0
7675,0
7676,0
7677,0
7678,0
7679,0
7680,0
7681,0
7682,0
7683,0
7684,0
7685,0
7686,0
7687,0
7688,0
7689,0
7690,0
7691,0
7692,0
7693,0
7694,0
7695,0
7696,0
7697,0
7698,0
7699,0
7700,0
7701,0
7702,0
7703,0
7704,0
7705,0
7706,0
7707,0
7708,0
7709,0
7710,0
7711,0
7712,0
7713,0
7714,0
7715,0
7716,0
7717,0
7718,0
7719,0
7720,0
7721,0
7722,0
7723,0
7724,0
7725,0
7726,0
7727,0
7728,0
7729,0
7730,0
7731,0
7732,0
7733,0
7734,0
7735,0
7736,0
7737,0
7738,0
7739,0
7740,0
7741,0
7742,0
7743,0
7744,0
7745,0
7746,0
7747,0
7748,0
7749,0
7750,0
7751,0
7752,0
7753,0
7754,0
7755,0
7756,0
7757,0
7758,0
7759,0
7760,0
7761,0
7762,0
7763,0
7764,0
7765,0
7766,0
7767,0
7768,0
7769,0
7770,0
7771,0
7772,0
7773,0
7774,0
7775,0
7776,0
7777,0
7778,0
7779,0
7780,0
7781,0
7782,0
7783,0
7784,0
7785,0
7786,0
7787,0
7788,0
7789,0
7790,0
7791,0
7792,0
7793,0
7794,0
7795,0
7796,0
7797,31
7798,31
7799,31
7800,31
7801,30
7802,29
7803,28
7804,27
7805,26
7806,25
7807,24
7808,23
7809,22
7810,21
7811,20
7812,19
7813,18
7814,17
7815,16
7816,15
7817,14
7818,13
7819,12
7820,11
7821,10
7822,9
7823,8
7824,7
7825,6
7826,5
7827,4
7828,3
7829,2
7830,1
7831,0
7832,0
7833,0
7834,0
7835,0
7836,0
7837,0
7838,0
7839,0
7840,0
7841,0
7842,0
7843,0
7844,0
7845,0
7846,0
7847,0
7848,0
7849,0
7850,0
7851,0
7852,30
7853,29
7854,28
7855,27
7856,26
7857,25
7858,24
7859,23
7860,22
7861,21
7862,20
7863,19
7864,18
7865,17
7866,48
7867,46
7868,44
7869,42
7870,40
7871,38
7872,36
7873,34
7874,32
7875,30
7876,28
7877,26
7878,24
7879,22
7880,20
7881,20
7882,20
7883,20
7884,20
7885,20
7886,20
7887,20
7888,20
7889,20
7890,20
7891,20
7892,20
7893,20
7894,20
7895,20
7896,20
7897,20
7898,20
7899,20
7900,20
7901,18
7902,16
7903,15
7904,14
7905,13
7906,12
7907,11
7908,10
7909,9
7910,8
7911,7
7912,6
7913,5
7914,4
7915,3
7916,2
7917,1
7918,0
7919,0
7920,0
7921,0
7922,0
7923,0
7924,0
7925,0
7926,0
7927,0
7928,0
7929,0
7930,0
7931,0
7932,0
7933,0
7934,0
7935,0
7936,0
7937,0
7938,0
7939,0
7940,0
7941,0
7942,0
7943,0
7944,0
7945,0
7946,0
7947,0
7948,0
7949,0
7950,0
7951,0
7952,0
7953,0
7954,32
7955,31
7956,30
7957,29
7958,28
7959,27
7960,26
7961,25
7962,24
7963,23
7964,22
7965,21
7966,20
7967,19
7968,18
7969,17
7970,16
7971,15
7972,14
7973,13
7974,12
7975,11
7976,10
7977,9
7978,8
7979,7
7980,6
7981,6
7982,6
7983,6
7984,6
7985,6
7986,6
7987,6
7988,6
7989,6
7990,6
7991,6
7992,6
7993,6
7994,43
7995,75
7996,75
7997,75
7998,75
7999,75
8000,75
8001,73
8002,71
8003,69
8004,67
8005,65
8006,63
8007,61
8008,59
8009,57
8010,55
8011,53
8012,51
8013,49
8014,47
8015,45
8016,43
8017,41
8018,39
8019,37
8020,35
8021,33
8022,31
8023,29
8024,27
8025,25
8026,23
8027,21
8028,19
8029,17
8030,15
8031,13
8032,11
8033,9
8034,45
8035,43
8036,41
8037,39
8038,37
8039,35
8040,33
8041,32
8042,31
8043,30
8044,29
8045,28
8046,27
8047,26
8048,25
8049,24
8050,23
8051,22
8052,21
8053,20
8054,19
8055,18
8056,17
8057,16
8058,15
8059,14
8060,13
8061,12
8062,11
8063,10
8064,9
8065,8
8066,7
8067,6
8068,5
8069,4
8070,3
8071,2
8072,1
8073,0
8074,0
8075,0
8076,0
8077,0
8078,0
8079,0
8080,0
8081,0
8082,0
8083,0
8084,0
8085,0
8086,0
8087,0
8088,0
8089,0
8090,0
8091,0
8092,0
8093,0
8094,0
8095,0
8096,0
8097,0
8098,0
8099,0
8100,0
8101,0
8102,0
8103,0
8104,0
8105,0
8106,0
8107,0
8108,0
8109,0
8110,0
8111,0
8112,0
8113,0
8114,0
8115,0
8116,0
8117,0
8118,36
8119,35
8120,34
8121,33
8122,32
8123,31
8124,30
8125,29
8126,28
8127,27
8128,26
8129,25
8130,24
8131,23
8132,22
8133,21
8134,20
8135,19
8136,18
8137,17
8138,16
8139,15
8140,14
8141,13
8142,12
8143,11
8144,10
8145,9
8146,8
8147,7
8148,6
8149,5
8150,4
8151,3
8152,2
8153,1
8154,0
8155,0
8156,0
8157,0
8158,0
8159,0
8160,0
8161,0
8162,0
8163,0
8164,0
8165,0
8166,0
8167,0
8168,0
8169,0
8170,0
8171,0
8172,0
8173,0
8174,0
8175,0
8176,0
8177,0
8178,0
8179,0
8180,0
8181,0
8182,0
8183,0
8184,0
8185,0
8186,0
8187,0
8188,0
8189,0
8190,0
8191,0
8192,0
8193,0
8194,0
8195,0
8196,0
8197,0
8198,0
8199,0
8200,0
8201,0
8202,0
8203,0
8204,0
8205,0
8206,0
8207,0
8208,0
8209,0
8210,0
8211,0
8212,0
8213,0
8214,0
8215,0
8216,0
8217,0
8218,0
8219,0
8220,0
8221,0
8222,0
8223,0
8224,0
8225,0
8226,0
8227,0
8228,0
8229,0
8230,0
8231,0
8232,0
8233,0
8234,0
8235,0
8236,0
8237,0
8238,31
8239,30
8240,29
8241,28
8242,27
8243,26
8244,25
8245,24
8246,23
8247,22
8248,21
8249,20
8250,19
8251,18
8252,17
8253,16
8254,48
8255,46
8256,44
8257,42
8258,40
8259,38
8260,36
8261,34
8262,32
8263,30
8264,28
8265,26
8266,24
8267,22
8268,20
8269,18
8270,17
8271,16
8272,15
8273,14
8274,13
8275,12
8276,11
8277,10
8278,9
8279,8
8280,7
8281,7
8282,7
8283,7
8284,7
8285,7
8286,7
8287,7
8288,7
8289,7
8290,7
8291,7
8292,7
8293,7
8294,7
8295,7
8296,7
8297,7
8298,7
8299,7
8300,7
8301,6
8302,5
8303,4
8304,3
8305,2
8306,1
8307,0
8308,0
8309,0
8310,0
8311,0
8312,0
8313,0
8314,0
8315,0
8316,0
8317,0
8318,0
8319,38
8320,37
8321,36
8322,35
8323,34
8324,33
8325,32
8326,31
8327,30
8328,29
8329,64
8330,62
8331,60
8332,58
8333,56
8334,54
8335,52
8336,50
8337,48
8338,46
8339,44
8340,42
8341,40
8342,38
8343,36
8344,34
8345,32
8346,30
8347,28
8348,26
8349,24
8350,22
8351,20
8352,18
8353,16
8354,14
8355,12
8356,10
8357,8
8358,7
8359,6
8360,5
8361,4
8362,3
8363,2
8364,1
8365,0
8366,0
8367,0
8368,0
8369,0
8370,0
8371,0
8372,0
8373,0
8374,0
8375,0
8376,0
8377,0
8378,0
8379,0
8380,0
8381,0
8382,0
8383,0
8384,0
8385,0
8386,0
8387,0
8388,0
8389,0
8390,0
8391,36
8392,36
8393,36
8394,36
8395,36
8396,36
8397,36
8398,36
8399,36
8400,36
8401,35
8402,34
8403,33
8404,32
8405,31
8406,30
8407,29
8408,28
8409,27
8410,26
8411,25
8412,24
8413,23
8414,22
8415,21
8416,20
8417,19
8418,18
8419,17
8420,16
8421,15
8422,14
8423,13
8424,12
8425,11
8426,10
8427,9
8428,8
8429,7
8430,6
8431,5
8432,4
8433,3
8434,2
8435,1
8436,0
8437,0
8438,0
8439,0
8440,0
8441,0
8442,0
8443,0
8444,0
8445,0
8446,0
8447,0
8448,0
8449,0
8450,0
8451,0
8452,0
8453,0
8454,0
8455,0
8456,33
8457,32
8458,31
8459,30
8460,29
8461,28
8462,27
8463,26
8464,25
8465,24
8466,23
8467,22
8468,21
8469,20
8470,19
8471,18
8472,17
8473,16
8474,15
8475,14
8476,13
8477,12
8478,11
8479,10
8480,9
8481,9
8482,9
8483,9
8484,9
8485,9
8486,9
8487,9
8488,9
8489,9
8490,9
8491,9
8492,9
8493,9
8494,9
8495,9
8496,9
8497,9
8498,9
8499,9
8500,9
8501,8
8502,7
8503,6
8504,5
8505,4
8506,3
8507,2
8508,1
8509,0
8510,0
8511,0
8512,0
8513,0
8514,0
8515,0
8516,0
8517,0
8518,0
8519,0
8520,0
8521,0
8522,0
8523,0
8524,0
8525,0
8526,0
8527,0
8528,0
8529,0
8530,0
8531,0
8532,0
8533,0
8534,0
8535,0
8536,0
8537,0
8538,0
8539,0
8540,0
8541,0
8542,0
8543,0
8544,0
8545,0
8546,0
8547,0
8548,0
8549,0
8550,0
8551,0
8552,0
8553,0
8554,0
8555,0
8556,0
8557,0
8558,0
8559,0
8560,0
8561,0
8562,0
8563,0
8564,0
8565,0
8566,0
8567,0
8568,0
8569,0
8570,0
8571,0
8572,0
8573,0
8574,0
8575,0
8576,0
8577,0
8578,0
8579,0
8580,0
8581,0
8582,0
8583,0
8584,0
8585,0
8586,0
8587,0
8588,0
8589,0
8590,0
8591,0
8592,0
8593,0
8594,0
8595,0
8596,0
8597,0
8598,0
8599,0
8600,0
8601,0
8602,0
8603,0
8604,0
8605,33
8606,32
8607,31
8608,30
8609,29
8610,28
8611,27
8612,26
8613,25
8614,54
8615,52
8616,50
8617,48
8618,46
8619,44
8620,42
8621,40
8622,38
8623,36
8624,34
8625,32
8626,30
8627,28
8628,26
8629,24
8630,22
8631,20
8632,18
8633,16
8634,14
8635,12
8636,10
8637,8
8638,6
8639,5
8640,4
8641,3
8642,2
8643,1
8644,0
8645,0
8646,0
8647,0
8648,0
8649,0
8650,0
8651,0
8652,0
8653,0
8654,0
8655,0
8656,0
8657,0
8658,0
8659,0
8660,0
8661,0
8662,0
8663,0
8664,0
8665,0
8666,0
8667,0
8668,0
8669,0
8670,0
8671,0
8672,0
8673,0
8674,0
8675,0
8676,0
8677,0
8678,0
8679,0
8680,0
8681,0
8682,0
8683,0
8684,0
8685,0
8686,0
8687,0
8688,0
8689,0
8690,0
8691,0
8692,0
8693,0
8694,0
8695,0
8696,0
8697,0
8698,0
8699,0
8700,0
8701,0
8702,0
8703,0
8704,0
8705,0
8706,0
8707,0
8708,0
8709,0
8710,0
8711,0
8712,31
8713,68
8714,66
8715,64
8716,62
8717,60
8718,58
8719,56
8720,54
8721,52
8722,50
8723,48
8724,46
8725,44
8726,42
8727,40
8728,38
8729,36
8730,34
8731,32
8732,30
8733,28
8734,26
8735,24
8736,22
8737,20
8738,18
8739,16
8740,14
8741,12
8742,10
8743,8
8744,7
8745,6
8746,5
8747,4
8748,3
8749,2
8750,1
8751,0
8752,0
8753,0
8754,0
8755,0
8756,0
8757,0
8758,38
8759,37
8760,36
8761,35
8762,34
8763,33
8764,32
8765,31
8766,30
8767,29
8768,28
8769,27
8770,26
8771,25
8772,24
8773,23
8774,22
8775,59
8776,57
8777,55
8778,53
8779,89
8780,87
8781,87
8782,87
8783,87
8784,87
8785,87
8786,87
8787,87
8788,87
8789,87
8790,87
8791,87
8792,87
8793,87
8794,87
8795,87
8796,87
8797,87
8798,87
8799,87
8800,87
8801,85
8802,83
8803,81
8804,79
8805,77
8806,75
8807,73
8808,71
8809,69
8810,67
8811,65
8812,63
8813,61
8814,59
8815,57
8816,55
8817,53
8818,51
8819,49
8820,47
8821,45
8822,43
8823,41
8824,39
8825,37
8826,35
8827,33
8828,31
8829,29
8830,27
8831,25
8832,23
8833,21
8834,19
8835,17
8836,15
8837,13
8838,11
8839,49
8840,47
8841,45
8842,43
8843,41
8844,39
8845,37
8846,35
8847,33
8848,32
8849,31
8850,62
8851,60
8852,58
8853,56
8854,54
8855,52
8856,50
8857,48
8858,46
8859,44
8860,42
8861,40
8862,38
8863,36
8864,34
8865,32
8866,30
8867,28
8868,26
8869,24
8870,22
8871,20
8872,18
8873,16
8874,14
8875,12
8876,10
8877,8
8878,6
8879,4
8880,2
8881,2
8882,41
8883,41
8884,41
8885,41
8886,41
8887,41
8888,41
8889,41
8890,41
8891,41
8892,76
8893,76
8894,76
8895,76
8896,76
8897,76
8898,76
8899,76
8900,76
8901,74
8902,72
8903,70
8904,68
8905,66
8906,64
8907,62
8908,60
8909,58
8910,56
8911,54
8912,52
8913,50
8914,48
8915,46
8916,44
8917,42
8918,40
8919,38
8920,36
8921,34
8922,32
8923,30
8924,28
8925,26
8926,55
8927,53
8928,51
8929,49
8930,47
8931,45
8932,43
8933,41
8934,73
8935,71
8936,69
8937,67
8938,65
8939,63
8940,61
8941,59
8942,57
8943,55
8944,53
8945,51
8946,49
8947,47
8948,45
8949,43
8950,41
8951,39
8952,37
8953,35
8954,33
8955,31
8956,29
8957,27
8958,25
8959,23
8960,21
8961,19
8962,17
8963,15
8964,13
8965,11
8966,9
8967,8
8968,7
8969,6
8970,5
8971,4
8972,3
8973,2
8974,1
8975,0
8976,0
8977,0
8978,0
8979,0
8980,0
8981,0
8982,0
8983,0
8984,0
8985,0
8986,0
8987,0
8988,0
8989,0
8990,0
8991,0
8992,0
8993,0
8994,37
8995,37
8996,37
8997,37
8998,37
8999,37
9000,37
9001,36
9002,35
9003,34
9004,33
9005,32
9006,31
9007,30
9008,29
9009,28
9010,27
9011,26
9012,25
9013,24
9014,59
9015,57
9016,55
9017,53
9018,51
9019,49
9020,47
9021,45
9022,43
9023,41
9024,39
9025,37
9026,35
9027,33
9028,31
9029,29
9030,27
9031,25
9032,23
9033,21
9034,19
9035,17
9036,15
9037,13
9038,12
9039,11
9040,10
9041,9
9042,8
9043,7
9044,6
9045,5
9046,4
9047,3
9048,2
9049,1
9050,0
9051,0
9052,0
9053,0
9054,0
9055,0
9056,0
9057,0
9058,0
9059,0
9060,0
9061,0
9062,0
9063,0
9064,0
9065,0
9066,0
9067,0
9068,0
9069,0
9070,0
9071,0
9072,0
9073,0
9074,0
9075,0
9076,0
9077,0
9078,0
9079,0
9080,0
9081,0
9082,0
9083,0
9084,0
9085,0
9086,0
9087,0
9088,0
9089,0
9090,0
9091,0
9092,0
9093,0
9094,0
9095,0
9096,0
9097,0
9098,0
9099,0
9100,0
9101,0
9102,0
9103,0
9104,0
9105,0
9106,0
9107,0
9108,0
9109,0
9110,0
9111,0
9112,0
9113,0
9114,0
9115,0
9116,0
9117,0
9118,0
9119,0
9120,0
9121,0
9122,0
9123,0
9124,0
9125,0
9126,0
9127,0
9128,0
9129,0
9130,0
9131,0
9132,0
9133,0
9134,0
9135,0
9136,0
9137,0
9138,0
9139,0
9140,0
9141,0
9142,0
9143,0
9144,0
9145,0
9146,0
9147,0
9148,38
9149,37
9150,36
9151,35
9152,34
9153,33
9154,32
9155,69
9156,67
9157,65
9158,63
9159,61
9160,59
9161,57
9162,55
9163,53
9164,51
9165,49
9166,47
9167,45
9168,43
9169,41
9170,39
9171,37
9172,35
9173,33
9174,31
9175,29
9176,27
9177,25
9178,23
9179,21
9180,19
9181,19
9182,19
9183,19
9184,19
9185,19
9186,19
9187,19
9188,19
9189,53
9190,53
9191,53
9192,53
9193,53
9194,53
9195,53
9196,53
9197,53
9198,53
9199,53
9200,53
9201,51
9202,49
9203,47
9204,45
9205,43
9206,41
9207,39
9208,37
9209,35
9210,33
9211,31
9212,29
9213,27
9214,25
9215,23
9216,21
9217,20
9218,19
9219,18
9220,17
9221,16
9222,15
9223,14
9224,13
9225,12
9226,11
9227,10
9228,9
9229,8
9230,7
9231,6
9232,5
9233,4
9234,3
9235,2
9236,1
9237,0
9238,0
9239,0
9240,0
9241,0
9242,0
9243,0
9244,0
9245,0
9246,0
9247,0
9248,38
9249,68
9250,66
9251,64
9252,62
9253,60
9254,58
9255,56
9256,54
9257,52
9258,50
9259,48
9260,46
9261,44
9262,42
9263,78
9264,76
9265,74
9266,72
9267,70
9268,68
9269,66
9270,64
9271,62
9272,60
9273,58
9274,56
9275,54
9276,52
9277,50
9278,48
9279,46
9280,44
9281,44
9282,44
9283,44
9284,44
9285,44
9286,44
9287,44
9288,44
9289,44
9290,44
9291,44
9292,44
9293,44
9294,44
9295,44
9296,44
9297,44
9298,44
9299,44
9300,44
9301,42
9302,40
9303,38
9304,36
9305,34
9306,32
9307,30
9308,28
9309,26
9310,24
9311,22
9312,20
9313,18
9314,16
9315,15
9316,14
9317,13
9318,12
9319,11
9320,10
9321,9
9322,8
9323,7
9324,6
9325,5
9326,4
9327,3
9328,2
9329,1
9330,0
9331,0
9332,0
9333,0
9334,0
9335,0
9336,0
9337,0
9338,0
9339,0
9340,0
9341,0
9342,0
9343,0
9344,0
9345,0
9346,0
9347,0
9348,0
9349,0
9350,0
9351,0
9352,0
9353,0
9354,0
9355,0
9356,0
9357,0
9358,0
9359,0
9360,0
9361,0
9362,0
9363,0
9364,0
9365,0
9366,0
9367,0
9368,0
9369,0
9370,0
9371,0
9372,0
9373,0
9374,0
9375,0
9376,0
9377,0
9378,0
9379,0
9380,0
9381,0
9382,0
9383,0
9384,0
9385,0
9386,0
9387,0
9388,0
9389,0
9390,0
9391,0
9392,0
9393,0
9394,0
9395,0
9396,0
9397,0
9398,0
9399,0
9400,0
9401,0
9402,0
9403,0
9404,0
9405,0
9406,0
9407,0
9408,0
9409,0
9410,0
9411,0
9412,0
9413,0
9414,0
9415,0
9416,0
9417,0
9418,0
9419,0
9420,0
9421,0
9422,0
9423,0
9424,0
9425,0
9426,0
9427,0
9428,0
9429,0
9430,0
9431,0
9432,0
9433,0
9434,0
9435,0
9436,40
9437,39
9438,38
9439,37
9440,36
9441,35
9442,34
9443,33
9444,32
9445,31
9446,30
9447,29
9448,28
9449,27
9450,26
9451,25
9452,24
9453,23
9454,22
9455,21
9456,20
9457,19
9458,18
9459,17
9460,16
9461,15
9462,14
9463,13
9464,12
9465,11
9466,10
9467,9
9468,8
9469,7
9470,6
9471,5
9472,4
9473,3
9474,2
9475,1
9476,0
9477,0
9478,0
9479,0
9480,0
9481,0
9482,0
9483,0
9484,0
9485,0
9486,0
9487,0
9488,0
9489,0
9490,0
9491,0
9492,0
9493,0
9494,0
9495,0
9496,0
9497,0
9498,0
9499,0
9500,0
9501,33
9502,32
9503,31
9504,30
9505,29
9506,28
9507,27
9508,26
9509,25
9510,24
9511,23
9512,22
9513,21
9514,20
9515,19
9516,18
9517,17
9518,16
9519,15
9520,14
9521,13
9522,12
9523,11
9524,10
9525,9
9526,8
9527,7
9528,6
9529,5
9530,4
9531,3
9532,2
9533,1
9534,0
9535,0
9536,0
9537,0
9538,0
9539,0
9540,0
9541,0
9542,0
9543,0
9544,0
9545,0
9546,0
9547,0
9548,0
9549,0
9550,0
9551,0
9552,0
9553,0
9554,0
9555,0
9556,0
9557,0
9558,0
9559,0
9560,0
9561,0
9562,0
9563,0
9564,0
9565,0
9566,0
9567,0
9568,0
9569,0
9570,0
9571,0
9572,0
9573,0
9574,0
9575,0
9576,0
9577,0
9578,0
9579,0
9580,0
9581,0
9582,0
9583,0
9584,0
9585,0
9586,0
9587,0
9588,0
9589,0
9590,0
9591,0
9592,0
9593,0
9594,0
9595,0
9596,0
9597,0
9598,0
9599,0
9600,0
9601,0
9602,0
9603,0
9604,0
9605,0
9606,0
9607,0
9608,0
9609,0
9610,0
9611,0
9612,0
9613,0
9614,0
9615,0
9616,0
9617,0
9618,0
9619,0
9620,0
9621,0
9622,0
9623,0
9624,0
9625,0
9626,0
9627,0
9628,0
9629,0
9630,0
9631,0
9632,0
9633,0
9634,0
9635,0
9636,0
9637,0
9638,0
9639,0
9640,0
9641,38
9642,37
9643,36
9644,35
9645,68
9646,66
9647,64
9648,62
9649,60
9650,58
9651,56
9652,54
9653,52
9654,50
9655,48
9656,46
9657,44
9658,42
9659,40
9660,38
9661,36
9662,34
9663,32
9664,30
9665,28
9666,26
9667,24
9668,22
9669,20
9670,18
9671,16
9672,14
9673,12
9674,10
9675,8
9676,6
9677,4
9678,2
9679,0
9680,0
9681,0
9682,0
9683,0
9684,0
9685,0
9686,0
9687,0
9688,0
9689,0
9690,0
9691,0
9692,0
9693,0
9694,0
9695,0
9696,0
9697,32
9698,32
9699,32
9700,32
9701,31
9702,30
9703,29
9704,28
9705,27
9706,26
9707,25
9708,24
9709,23
9710,22
9711,21
9712,20
9713,19
9714,18
9715,17
9716,16
9717,15
9718,14
9719,13
9720,12
9721,11
9722,10
9723,42
9724,40
9725,38
9726,36
9727,34
9728,32
9729,30
9730,28
9731,26
9732,24
9733,23
9734,22
9735,21
9736,20
9737,19
9738,18
9739,17
9740,16
9741,15
9742,14
9743,13
9744,12
9745,11
9746,10
9747,9
9748,8
9749,7
9750,6
9751,5
9752,4
9753,3
9754,2
9755,1
9756,0
9757,0
9758,0
9759,0
9760,0
9761,0
9762,0
9763,0
9764,0
9765,0
9766,0
9767,0
9768,0
9769,0
9770,0
9771,0
9772,0
9773,0
9774,0
9775,0
9776,0
9777,0
9778,33
9779,32
9780,31
9781,31
9782,31
9783,31
9784,31
9785,31
9786,31
9787,31
9788,31
9789,31
9790,31
9791,31
9792,31
9793,31
9794,31
9795,31
9796,31
9797,31
9798,31
9799,31
9800,31
9801,30
9802,29
9803,28
9804,27
9805,26
9806,25
9807,24
9808,23
9809,22
9810,21
9811,52
9812,50
9813,48
9814,46
9815,44
9816,42
9817,40
9818,38
9819,36
9820,34
9821,32
9822,30
9823,28
9824,26
9825,24
9826,22
9827,20
9828,18
9829,16
9830,14
9831,12
9832,11
9833,10
9834,9
9835,8
9836,7
9837,6
9838,5
9839,4
9840,3
9841,2
9842,1
9843,0
9844,0
9845,0
9846,0
9847,0
9848,0
9849,0
9850,0
9851,0
9852,0
9853,0
9854,0
9855,0
9856,0
9857,0
9858,0
9859,0
9860,0
9861,0
9862,0
9863,0
9864,0
9865,0
9866,0
9867,0
9868,0
9869,0
9870,0
9871,0
9872,0
9873,0
9874,0
9875,0
9876,0
9877,0
9878,0
9879,0
9880,0
9881,0
9882,0
9883,0
9884,0
9885,0
9886,0
9887,0
9888,0
9889,0
9890,0
9891,0
9892,0
9893,0
9894,0
9895,0
9896,0
9897,0
9898,0
9899,0
9900,0
9901,0
9902,0
9903,0
9904,0
9905,0
9906,0
9907,0
9908,0
9909,0
9910,0
9911,0
9912,0
9913,0
9914,0
9915,33
9916,71
9917,69
9918,67
9919,65
9920,95
9921,93
9922,91
9923,89
9924,87
9925,85
9926,83
9927,81
9928,79
9929,77
9930,75
9931,73
9932,71
9933,69
9934,67
9935,65
9936,63
9937,61
9938,59
9939,57
9940,55
9941,53
9942,51
9943,49
9944,47
9945,45
9946,43
9947,41
9948,39
9949,37
9950,35
9951,33
9952,31
9953,29
9954,27
9955,25
9956,23
9957,21
9958,19
9959,17
9960,15
9961,13
9962,11
9963,9
9964,7
9965,5
9966,3
9967,2
9968,1
9969,0
9970,0
9971,0
9972,0
9973,0
9974,0
9975,0
9976,0
9977,0
9978,0
9979,0
9980,0
9981,0
9982,0
9983,0
9984,0
9985,0
9986,0
9987,0
9988,0
9989,0
9990,0
9991,0
9992,0
9993,0
9994,0
9995,0
9996,0
9997,0
9998,0
9999,0
