251
52 31 12 0.140500
74 34 20 0.051600
93 37 20 0.147700
118 40 19 0.173200
167 36 19 0.153600
261 32 22 0.104000
366 31 12 0.037500
372 37 16 0.074000
378 33 16 0.124900
383 36 20 0.004400
430 35 15 0.150100
436 32 17 0.059200
539 34 14 0.096400
595 40 15 0.161200
604 34 19 0.111600
612 32 18 0.026400
645 34 20 0.123300
689 40 13 0.077600
700 39 18 0.119500
727 30 18 0.106800
756 35 18 0.129800
764 32 17 0.092200
783 34 19 0.167100
804 31 18 0.049000
819 40 20 0.115000
873 30 13 0.073500
904 32 19 0.149900
932 35 17 0.102700
937 39 16 0.186700
942 37 20 0.086200
980 36 17 0.083500
1040 40 16 0.152500
1057 34 12 0.071600
1084 34 14 0.103300
1094 39 17 0.105900
1210 35 18 0.014600
1293 31 20 0.090600
1310 38 12 0.081400
1361 39 19 0.113900
1446 39 18 0.026700
1449 32 13 0.079900
1527 34 11 0.143500
1553 32 16 0.121400
1554 37 13 0.094600
1571 40 15 0.068400
1595 32 16 0.118700
1638 39 16 0.053100
1660 31 15 0.091000
1821 35 16 0.030700
1874 40 15 0.044300
1895 38 22 0.117900
1932 34 11 0.129100
1934 39 12 0.105100
2017 34 18 0.056300
2051 40 13 0.046400
2074 33 17 0.137300
2089 37 21 0.122200
2272 40 16 0.121800
2291 39 21 0.153800
2326 36 15 0.058500
2351 35 10 0.095400
2457 38 16 0.128500
2464 32 17 0.132900
2468 36 22 0.093500
2483 38 19 0.139300
2496 40 13 0.183700
2510 37 16 0.001500
2569 39 12 0.075500
2618 31 18 0.139800
2665 39 17 0.148700
2775 39 17 0.133500
2832 34 13 0.099700
2882 31 20 0.146600
3067 32 14 0.116200
3192 34 12 0.069400
3245 36 17 0.098900
3266 35 13 0.034200
3269 39 14 0.107000
3282 31 15 0.051600
3294 33 16 0.133800
3336 33 19 0.062500
3506 40 14 0.079800
3527 39 15 0.043100
3577 34 13 0.159400
3581 40 19 0.039100
3732 32 17 0.102600
3783 37 19 0.148800
3864 37 16 0.051000
3900 37 17 0.063900
3932 39 17 0.104100
3934 40 15 0.133900
3935 35 19 0.168000
3956 31 14 0.009900
3967 40 17 0.152600
3971 33 12 0.162400
3972 37 13 0.103400
4067 37 15 0.073200
4078 38 10 0.158700
4116 36 16 0.122300
4260 32 14 0.045300
4289 38 21 0.076600
4291 36 14 0.062000
4294 32 17 0.094700
4383 39 22 0.096600
4409 36 16 0.111200
4427 39 11 0.059300
4497 35 15 0.149300
4501 31 17 0.147600
4528 40 22 0.146000
4631 31 16 0.056200
4657 32 19 0.097300
4689 35 12 0.089700
4711 36 14 0.082600
4744 31 17 0.130900
4750 39 16 0.056300
4782 34 18 0.085500
4795 33 12 0.173300
4811 33 13 0.101500
4827 40 20 0.049500
4851 40 18 0.076200
4908 30 18 0.076400
4958 37 15 0.147800
4973 39 17 0.066200
5033 30 15 0.154100
5056 32 18 0.017000
5070 34 15 0.127100
5159 40 18 0.033200
5177 35 15 0.128200
5179 35 21 0.082100
5192 39 20 0.065000
5197 37 21 0.055400
5293 38 13 0.126100
5327 40 13 0.078200
5362 40 18 0.080900
5372 31 14 0.070400
5385 39 16 0.112700
5438 35 21 0.130400
5509 39 15 0.140600
5530 33 17 0.127000
5704 36 11 0.100900
5743 33 17 0.071600
5803 32 11 0.048100
5830 32 16 0.188400
5849 40 11 0.121900
5856 35 18 0.094300
5894 35 16 0.125100
5912 32 19 0.077900
5943 32 20 0.096100
5951 32 13 0.075100
6045 36 17 0.064000
6062 33 15 0.097100
6088 33 11 0.107400
6126 30 17 0.053100
6136 40 17 0.112900
6137 32 17 0.112400
6177 32 18 0.074300
6289 37 17 0.143900
6299 39 16 0.154300
6322 36 17 0.086000
6327 31 13 0.013900
6336 32 12 0.077300
6455 39 13 0.070900
6618 35 19 0.126600
6716 40 20 0.081000
6729 36 16 0.047500
6833 34 12 0.169300
6845 33 21 0.053400
6846 35 20 0.034700
7036 40 16 0.009900
7042 35 10 0.136300
7046 40 17 0.080700
7091 36 17 0.136100
7103 38 19 0.108100
7110 30 19 0.161600
7121 30 15 0.119700
7145 33 13 0.079800
7164 32 18 0.130500
7248 40 14 0.116100
7289 31 16 0.152200
7374 37 21 0.072600
7391 36 18 0.119800
7449 35 18 0.102800
7554 34 17 0.069100
7579 38 11 0.066700
7699 35 17 0.150800
7739 36 17 0.181400
7769 33 17 0.130600
7856 38 16 0.107700
7929 39 14 0.131800
7939 35 15 0.035000
7977 37 15 0.139400
8006 34 15 0.048000
8064 38 20 0.065700
8075 31 12 0.123900
8093 35 11 0.081400
8095 32 16 0.055700
8104 35 17 0.129100
8161 35 14 0.002000
8165 34 16 0.105000
8336 38 18 0.095000
8375 37 15 0.023700
8386 40 20 0.098800
8398 31 13 0.063500
8505 32 13 0.086900
8520 36 19 0.128500
8573 31 14 0.050200
8607 31 17 0.060700
8613 38 16 0.051300
8648 38 14 0.096900
8656 31 17 0.133400
8675 38 14 0.081500
8706 34 18 0.094700
8769 39 11 0.140600
8804 40 13 0.127200
8827 33 16 0.162100
8828 38 20 0.055500
8850 39 18 0.138000
8886 30 13 0.168300
8888 34 12 0.054400
8896 37 17 0.156600
8951 32 17 0.114400
8955 31 16 0.053000
8996 33 15 0.072600
9060 32 20 0.071200
9066 31 17 0.089200
9069 36 15 0.042900
9113 31 11 0.100800
9114 40 16 0.110500
9132 37 18 0.115400
9137 39 21 0.170400
9139 39 18 0.104300
9149 35 18 0.075500
9224 31 18 0.079900
9239 34 17 0.141500
9248 32 16 0.112100
9264 40 19 0.023700
9297 38 20 0.107100
9369 34 12 0.135700
9387 34 17 0.076600
9435 30 14 0.024700
9436 39 17 0.169200
9479 38 17 0.076200
9547 35 14 0.089900
9604 33 21 0.113600
9615 34 17 0.127400
9689 34 16 0.068100
9709 36 15 0.138900
9729 39 13 0.100900
9730 30 11 0.049300
9898 33 13 0.148900
9995 33 13 0.069200
