100
42 1000 10 0.066500
14 1000 12 0.098400
11 1000 8 0.092400
48 1000 12 0.130100
31 1000 10 0.103800
31 1000 6 0.064800
27 1000 10 0.085700
33 1000 6 0.194200
8 1000 12 0.163500
29 1000 6 0.148100
11 1000 11 0.152700
12 1000 7 0.139800
35 1000 9 0.083700
22 1000 9 0.057500
35 1000 8 0.058000
11 1000 9 0.147600
14 1000 9 0.070500
15 1000 6 0.147300
12 1000 11 0.095500
23 1000 7 0.153200
20 1000 11 0.133400
30 1000 11 0.091900
21 1000 9 0.083500
28 1000 10 0.170500
8 1000 11 0.168400
46 1000 11 0.094100
28 1000 6 0.122200
22 1000 7 0.183600
9 1000 8 0.171600
27 1000 10 0.110300
12 1000 11 0.091400
34 1000 12 0.046300
44 1000 10 0.075200
30 1000 6 0.090800
34 1000 13 0.137400
30 1000 6 0.139500
12 1000 5 0.093100
25 1000 12 0.153600
25 1000 8 0.137000
34 1000 11 0.079100
9 1000 10 0.071200
27 1000 14 0.101400
15 1000 8 0.075500
25 1000 9 0.073100
42 1000 14 0.135300
23 1000 9 0.077800
10 1000 15 0.084300
35 1000 12 0.094200
25 1000 15 0.053500
15 1000 9 0.114300
34 1000 11 0.067000
22 1000 11 0.083000
20 1000 10 0.109200
43 1000 12 0.071700
36 1000 12 0.101500
15 1000 7 0.065900
36 1000 10 0.151300
19 1000 12 0.105800
10 1000 8 0.100000
11 1000 14 0.153300
27 1000 10 0.114100
41 1000 10 0.084500
7 1000 13 0.058800
36 1000 10 0.101800
29 1000 10 0.065100
20 1000 10 0.118600
11 1000 9 0.097500
8 1000 10 0.046200
18 1000 8 0.108300
33 1000 13 0.054200
15 1000 9 0.109400
16 1000 5 0.130800
18 1000 13 0.136600
19 1000 14 0.137000
31 1000 10 0.119700
31 1000 10 0.124400
38 1000 9 0.127600
34 1000 13 0.126400
15 1000 8 0.069800
17 1000 12 0.067800
30 1000 11 0.041000
28 1000 12 0.125500
26 1000 11 0.062000
27 1000 14 0.089300
5 1000 7 0.051700
33 1000 10 0.126500
22 1000 12 0.116000
31 1000 8 0.152900
11 1000 9 0.064000
12 1000 9 0.099500
34 1000 13 0.091600
22 1000 15 0.106100
22 1000 10 0.033100
13 1000 10 0.054600
9 1000 11 0.166200
30 1000 11 0.095000
22 1000 13 0.059500
15 1000 10 0.084100
10 1000 10 0.134800
8 1000 10 0.076700
